algorithm,scenario_id,interference_seed,interference_activity_ids,interference_rate,makespan,budget_used,budget_limit,deadline_limit,budget_violation,deadline_violation,feasible,interference_time,interference_pairs,algorithm_milliseconds,machine_distribution,machine_utilization,recommendations_json
heft_colocation,cloud_hetero,1,maddid0000018|maddid0000037|maddid0000056|mbackgroundid0000015|mbackgroundid0000035|mbgmodelid0000012|mbgmodelid0000031|mconcatfitid0000011|mconcatfitid0000030|mdifffitid0000005|mdifffitid0000007|mdifffitid0000010|mdifffitid0000025|mdifffitid0000026|mdifffitid0000028|mdifffitid0000029|mdifffitid0000044|mimgtblid0000017|mimgtblid0000036|mimgtblid0000055|mprojectid0000003|mprojectid0000020|mprojectid0000022|mprojectid0000023|mprojectid0000040|mprojectid0000041|mviewerid0000038|mviewerid0000057|mviewerid0000058,0.200000,90.960000,0.667022,0.809118,110.678240,0.000000,0.000000,true,21.131000,13,1.980000,"{""h4d-highmem-192-1"":25,""h4d-standard-192-1"":33}","{""h3-standard-88-1"":0,""h3-standard-88-2"":0,""h4d-highmem-192-1"":0.012038,""h4d-standard-192-1"":0.00751}",[]
prism_cc_cost,cloud_hetero,1,maddid0000018|maddid0000037|maddid0000056|mbackgroundid0000015|mbackgroundid0000035|mbgmodelid0000012|mbgmodelid0000031|mconcatfitid0000011|mconcatfitid0000030|mdifffitid0000005|mdifffitid0000007|mdifffitid0000010|mdifffitid0000025|mdifffitid0000026|mdifffitid0000028|mdifffitid0000029|mdifffitid0000044|mimgtblid0000017|mimgtblid0000036|mimgtblid0000055|mprojectid0000003|mprojectid0000020|mprojectid0000022|mprojectid0000023|mprojectid0000040|mprojectid0000041|mviewerid0000038|mviewerid0000057|mviewerid0000058,0.200000,94.586000,0.206347,0.809118,110.678240,0.000000,0.000000,true,54.092000,22,346.474000,"{""h4d-standard-192-1"":58}","{""h3-standard-88-1"":0,""h3-standard-88-2"":0,""h4d-highmem-192-1"":0,""h4d-standard-192-1"":0.020614}","[{""rank"":1,""recommended"":true,""feasible"":true,""budget_used"":0.206347,""budget_violation"":0,""makespan"":94.586,""deadline_violation"":0,""machine_signature"":""2c0b747d51ac3d40"",""weighted_score"":0.206347,""diversity_score"":0},{""rank"":2,""recommended"":false,""feasible"":true,""budget_used"":0.642378,""budget_violation"":0,""makespan"":90.96,""deadline_violation"":0,""machine_signature"":""6e7bc19ab1143fd4"",""weighted_score"":0.642378,""diversity_score"":1.431034},{""rank"":3,""recommended"":false,""feasible"":true,""budget_used"":0.667022,""budget_violation"":0,""makespan"":90.96,""deadline_violation"":0,""machine_signature"":""e2bcb5f39125edba"",""weighted_score"":0.667022,""diversity_score"":1.431034}]"
prism_cc_time,cloud_hetero,1,maddid0000018|maddid0000037|maddid0000056|mbackgroundid0000015|mbackgroundid0000035|mbgmodelid0000012|mbgmodelid0000031|mconcatfitid0000011|mconcatfitid0000030|mdifffitid0000005|mdifffitid0000007|mdifffitid0000010|mdifffitid0000025|mdifffitid0000026|mdifffitid0000028|mdifffitid0000029|mdifffitid0000044|mimgtblid0000017|mimgtblid0000036|mimgtblid0000055|mprojectid0000003|mprojectid0000020|mprojectid0000022|mprojectid0000023|mprojectid0000040|mprojectid0000041|mviewerid0000038|mviewerid0000057|mviewerid0000058,0.200000,90.960000,0.642378,0.809118,110.678240,0.000000,0.000000,true,21.131000,13,346.474000,"{""h4d-highmem-192-1"":25,""h4d-standard-192-1"":33}","{""h3-standard-88-1"":0,""h3-standard-88-2"":0,""h4d-highmem-192-1"":0.012048,""h4d-standard-192-1"":0.0075}","[{""rank"":1,""recommended"":true,""feasible"":true,""budget_used"":0.642378,""budget_violation"":0,""makespan"":90.96,""deadline_violation"":0,""machine_signature"":""6e7bc19ab1143fd4"",""weighted_score"":0.961665,""diversity_score"":1.431034},{""rank"":2,""recommended"":false,""feasible"":true,""budget_used"":0.667022,""budget_violation"":0,""makespan"":90.96,""deadline_violation"":0,""machine_signature"":""e2bcb5f39125edba"",""weighted_score"":0.961665,""diversity_score"":1.431034},{""rank"":3,""recommended"":false,""feasible"":true,""budget_used"":0.206347,""budget_violation"":0,""makespan"":94.586,""deadline_violation"":0,""machine_signature"":""2c0b747d51ac3d40"",""weighted_score"":1,""diversity_score"":0}]"
heft_colocation,cloud_homo,1,maddid0000018|maddid0000037|maddid0000056|mbackgroundid0000015|mbackgroundid0000035|mbgmodelid0000012|mbgmodelid0000031|mconcatfitid0000011|mconcatfitid0000030|mdifffitid0000005|mdifffitid0000007|mdifffitid0000010|mdifffitid0000025|mdifffitid0000026|mdifffitid0000028|mdifffitid0000029|mdifffitid0000044|mimgtblid0000017|mimgtblid0000036|mimgtblid0000055|mprojectid0000003|mprojectid0000020|mprojectid0000022|mprojectid0000023|mprojectid0000040|mprojectid0000041|mviewerid0000038|mviewerid0000057|mviewerid0000058,0.200000,88.371000,1.103895,1.344726,106.047360,0.000000,0.000000,true,5.968000,7,3.214000,"{""h4d-standard-192-1"":18,""h4d-standard-192-2"":11,""h4d-standard-192-3"":17,""h4d-standard-192-4"":12}","{""h4d-standard-192-1"":0.004882,""h4d-standard-192-2"":0.002542,""h4d-standard-192-3"":0.005326,""h4d-standard-192-4"":0.006477}",[]
prism_cc_cost,cloud_homo,1,maddid0000018|maddid0000037|maddid0000056|mbackgroundid0000015|mbackgroundid0000035|mbgmodelid0000012|mbgmodelid0000031|mconcatfitid0000011|mconcatfitid0000030|mdifffitid0000005|mdifffitid0000007|mdifffitid0000010|mdifffitid0000025|mdifffitid0000026|mdifffitid0000028|mdifffitid0000029|mdifffitid0000044|mimgtblid0000017|mimgtblid0000036|mimgtblid0000055|mprojectid0000003|mprojectid0000020|mprojectid0000022|mprojectid0000023|mprojectid0000040|mprojectid0000041|mviewerid0000038|mviewerid0000057|mviewerid0000058,0.200000,94.586000,0.206347,1.344726,106.047360,0.000000,0.000000,true,54.092000,22,346.755000,"{""h4d-standard-192-3"":58}","{""h4d-standard-192-1"":0,""h4d-standard-192-2"":0,""h4d-standard-192-3"":0.020614,""h4d-standard-192-4"":0}","[{""rank"":1,""recommended"":true,""feasible"":true,""budget_used"":0.206347,""budget_violation"":0,""makespan"":94.586,""deadline_violation"":0,""machine_signature"":""fcd747495791cb2c"",""weighted_score"":0.186926,""diversity_score"":0},{""rank"":2,""recommended"":false,""feasible"":true,""budget_used"":1.097564,""budget_violation"":0,""makespan"":88.371,""deadline_violation"":0,""machine_signature"":""ccbc4f5c1dd97af1"",""weighted_score"":0.994265,""diversity_score"":3.637931},{""rank"":3,""recommended"":false,""feasible"":true,""budget_used"":1.103895,""budget_violation"":0,""makespan"":88.371,""deadline_violation"":0,""machine_signature"":""86f0580fdb08b405"",""weighted_score"":1,""diversity_score"":3.689655}]"
prism_cc_time,cloud_homo,1,maddid0000018|maddid0000037|maddid0000056|mbackgroundid0000015|mbackgroundid0000035|mbgmodelid0000012|mbgmodelid0000031|mconcatfitid0000011|mconcatfitid0000030|mdifffitid0000005|mdifffitid0000007|mdifffitid0000010|mdifffitid0000025|mdifffitid0000026|mdifffitid0000028|mdifffitid0000029|mdifffitid0000044|mimgtblid0000017|mimgtblid0000036|mimgtblid0000055|mprojectid0000003|mprojectid0000020|mprojectid0000022|mprojectid0000023|mprojectid0000040|mprojectid0000041|mviewerid0000038|mviewerid0000057|mviewerid0000058,0.200000,88.371000,1.097564,1.344726,106.047360,0.000000,0.000000,true,5.968000,7,346.755000,"{""h4d-standard-192-1"":21,""h4d-standard-192-2"":7,""h4d-standard-192-3"":15,""h4d-standard-192-4"":15}","{""h4d-standard-192-1"":0.004953,""h4d-standard-192-2"":0.002463,""h4d-standard-192-3"":0.005274,""h4d-standard-192-4"":0.006537}","[{""rank"":1,""recommended"":true,""feasible"":true,""budget_used"":1.097564,""budget_violation"":0,""makespan"":88.371,""deadline_violation"":0,""machine_signature"":""ccbc4f5c1dd97af1"",""weighted_score"":0.934293,""diversity_score"":3.637931},{""rank"":2,""recommended"":false,""feasible"":true,""budget_used"":1.103895,""budget_violation"":0,""makespan"":88.371,""deadline_violation"":0,""machine_signature"":""86f0580fdb08b405"",""weighted_score"":0.934293,""diversity_score"":3.689655},{""rank"":3,""recommended"":false,""feasible"":true,""budget_used"":0.206347,""budget_violation"":0,""makespan"":94.586,""deadline_violation"":0,""machine_signature"":""fcd747495791cb2c"",""weighted_score"":1,""diversity_score"":0}]"
heft_colocation,cluster_hetero,1,maddid0000018|maddid0000037|maddid0000056|mbackgroundid0000015|mbackgroundid0000035|mbgmodelid0000012|mbgmodelid0000031|mconcatfitid0000011|mconcatfitid0000030|mdifffitid0000005|mdifffitid0000007|mdifffitid0000010|mdifffitid0000025|mdifffitid0000026|mdifffitid0000028|mdifffitid0000029|mdifffitid0000044|mimgtblid0000017|mimgtblid0000036|mimgtblid0000055|mprojectid0000003|mprojectid0000020|mprojectid0000022|mprojectid0000023|mprojectid0000040|mprojectid0000041|mviewerid0000038|mviewerid0000057|mviewerid0000058,0.200000,281.883000,0.000000,0.000000,346.902440,0.000000,0.000000,true,54.111000,6,0.971000,"{""bora005"":24,""bora006"":22,""diablo01"":6,""diablo02"":6}","{""bora005"":0.113955,""bora006"":0.049825,""diablo01"":0.005631,""diablo02"":0.005855}",[]
prism_cc_cost,cluster_hetero,1,maddid0000018|maddid0000037|maddid0000056|mbackgroundid0000015|mbackgroundid0000035|mbgmodelid0000012|mbgmodelid0000031|mconcatfitid0000011|mconcatfitid0000030|mdifffitid0000005|mdifffitid0000007|mdifffitid0000010|mdifffitid0000025|mdifffitid0000026|mdifffitid0000028|mdifffitid0000029|mdifffitid0000044|mimgtblid0000017|mimgtblid0000036|mimgtblid0000055|mprojectid0000003|mprojectid0000020|mprojectid0000022|mprojectid0000023|mprojectid0000040|mprojectid0000041|mviewerid0000038|mviewerid0000057|mviewerid0000058,0.200000,281.883000,0.000000,0.000000,346.902440,0.000000,0.000000,true,54.111000,6,205.065000,"{""bora005"":24,""bora006"":22,""diablo01"":6,""diablo02"":6}","{""bora005"":0.113955,""bora006"":0.049825,""diablo01"":0.005631,""diablo02"":0.005855}","[{""rank"":1,""recommended"":true,""feasible"":true,""budget_used"":0,""budget_violation"":0,""makespan"":281.883,""deadline_violation"":0,""machine_signature"":""cba693b005eaa6b0"",""weighted_score"":0,""diversity_score"":3.586207},{""rank"":2,""recommended"":false,""feasible"":true,""budget_used"":0,""budget_violation"":0,""makespan"":282.73,""deadline_violation"":0,""machine_signature"":""f0a6f0529b98fd28"",""weighted_score"":0,""diversity_score"":3.603448}]"
prism_cc_time,cluster_hetero,1,maddid0000018|maddid0000037|maddid0000056|mbackgroundid0000015|mbackgroundid0000035|mbgmodelid0000012|mbgmodelid0000031|mconcatfitid0000011|mconcatfitid0000030|mdifffitid0000005|mdifffitid0000007|mdifffitid0000010|mdifffitid0000025|mdifffitid0000026|mdifffitid0000028|mdifffitid0000029|mdifffitid0000044|mimgtblid0000017|mimgtblid0000036|mimgtblid0000055|mprojectid0000003|mprojectid0000020|mprojectid0000022|mprojectid0000023|mprojectid0000040|mprojectid0000041|mviewerid0000038|mviewerid0000057|mviewerid0000058,0.200000,281.883000,0.000000,0.000000,346.902440,0.000000,0.000000,true,54.111000,6,205.065000,"{""bora005"":24,""bora006"":22,""diablo01"":6,""diablo02"":6}","{""bora005"":0.113955,""bora006"":0.049825,""diablo01"":0.005631,""diablo02"":0.005855}","[{""rank"":1,""recommended"":true,""feasible"":true,""budget_used"":0,""budget_violation"":0,""makespan"":281.883,""deadline_violation"":0,""machine_signature"":""cba693b005eaa6b0"",""weighted_score"":0.997004,""diversity_score"":3.586207},{""rank"":2,""recommended"":false,""feasible"":true,""budget_used"":0,""budget_violation"":0,""makespan"":282.73,""deadline_violation"":0,""machine_signature"":""f0a6f0529b98fd28"",""weighted_score"":1,""diversity_score"":3.603448}]"
heft_colocation,cluster_homo,1,maddid0000018|maddid0000037|maddid0000056|mbackgroundid0000015|mbackgroundid0000035|mbgmodelid0000012|mbgmodelid0000031|mconcatfitid0000011|mconcatfitid0000030|mdifffitid0000005|mdifffitid0000007|mdifffitid0000010|mdifffitid0000025|mdifffitid0000026|mdifffitid0000028|mdifffitid0000029|mdifffitid0000044|mimgtblid0000017|mimgtblid0000036|mimgtblid0000055|mprojectid0000003|mprojectid0000020|mprojectid0000022|mprojectid0000023|mprojectid0000040|mprojectid0000041|mviewerid0000038|mviewerid0000057|mviewerid0000058,0.200000,281.326000,0.000000,0.000000,337.591200,0.000000,0.000000,true,30.781000,3,1.381000,"{""bora001"":17,""bora002"":19,""bora003"":9,""bora004"":13}","{""bora001"":0.045512,""bora002"":0.025215,""bora003"":0.047511,""bora004"":0.059953}",[]
prism_cc_cost,cluster_homo,1,maddid0000018|maddid0000037|maddid0000056|mbackgroundid0000015|mbackgroundid0000035|mbgmodelid0000012|mbgmodelid0000031|mconcatfitid0000011|mconcatfitid0000030|mdifffitid0000005|mdifffitid0000007|mdifffitid0000010|mdifffitid0000025|mdifffitid0000026|mdifffitid0000028|mdifffitid0000029|mdifffitid0000044|mimgtblid0000017|mimgtblid0000036|mimgtblid0000055|mprojectid0000003|mprojectid0000020|mprojectid0000022|mprojectid0000023|mprojectid0000040|mprojectid0000041|mviewerid0000038|mviewerid0000057|mviewerid0000058,0.200000,281.326000,0.000000,0.000000,337.591200,0.000000,0.000000,true,30.781000,3,159.765000,"{""bora001"":17,""bora002"":19,""bora003"":9,""bora004"":13}","{""bora001"":0.045512,""bora002"":0.025215,""bora003"":0.047511,""bora004"":0.059953}","[{""rank"":1,""recommended"":true,""feasible"":true,""budget_used"":0,""budget_violation"":0,""makespan"":281.326,""deadline_violation"":0,""machine_signature"":""83a088e9576f99a8"",""weighted_score"":0,""diversity_score"":3.672414}]"
prism_cc_time,cluster_homo,1,maddid0000018|maddid0000037|maddid0000056|mbackgroundid0000015|mbackgroundid0000035|mbgmodelid0000012|mbgmodelid0000031|mconcatfitid0000011|mconcatfitid0000030|mdifffitid0000005|mdifffitid0000007|mdifffitid0000010|mdifffitid0000025|mdifffitid0000026|mdifffitid0000028|mdifffitid0000029|mdifffitid0000044|mimgtblid0000017|mimgtblid0000036|mimgtblid0000055|mprojectid0000003|mprojectid0000020|mprojectid0000022|mprojectid0000023|mprojectid0000040|mprojectid0000041|mviewerid0000038|mviewerid0000057|mviewerid0000058,0.200000,281.326000,0.000000,0.000000,337.591200,0.000000,0.000000,true,30.781000,3,159.765000,"{""bora001"":17,""bora002"":19,""bora003"":9,""bora004"":13}","{""bora001"":0.045512,""bora002"":0.025215,""bora003"":0.047511,""bora004"":0.059953}","[{""rank"":1,""recommended"":true,""feasible"":true,""budget_used"":0,""budget_violation"":0,""makespan"":281.326,""deadline_violation"":0,""machine_signature"":""83a088e9576f99a8"",""weighted_score"":1,""diversity_score"":3.672414}]"
heft_colocation,hybrid_hetero,1,maddid0000018|maddid0000037|maddid0000056|mbackgroundid0000015|mbackgroundid0000035|mbgmodelid0000012|mbgmodelid0000031|mconcatfitid0000011|mconcatfitid0000030|mdifffitid0000005|mdifffitid0000007|mdifffitid0000010|mdifffitid0000025|mdifffitid0000026|mdifffitid0000028|mdifffitid0000029|mdifffitid0000044|mimgtblid0000017|mimgtblid0000036|mimgtblid0000055|mprojectid0000003|mprojectid0000020|mprojectid0000022|mprojectid0000023|mprojectid0000040|mprojectid0000041|mviewerid0000038|mviewerid0000057|mviewerid0000058,0.200000,91.837000,0.440836,0.507908,117.111320,0.000000,0.000000,true,40.661000,17,2.055000,"{""bora011"":2,""diablo03"":1,""h3-standard-88-2"":9,""h4d-standard-192-7"":46}","{""bora011"":0.000555,""diablo03"":0.00021,""h3-standard-88-2"":0.003991,""h4d-standard-192-7"":0.019509}",[]
prism_cc_cost,hybrid_hetero,1,maddid0000018|maddid0000037|maddid0000056|mbackgroundid0000015|mbackgroundid0000035|mbgmodelid0000012|mbgmodelid0000031|mconcatfitid0000011|mconcatfitid0000030|mdifffitid0000005|mdifffitid0000007|mdifffitid0000010|mdifffitid0000025|mdifffitid0000026|mdifffitid0000028|mdifffitid0000029|mdifffitid0000044|mimgtblid0000017|mimgtblid0000036|mimgtblid0000055|mprojectid0000003|mprojectid0000020|mprojectid0000022|mprojectid0000023|mprojectid0000040|mprojectid0000041|mviewerid0000038|mviewerid0000057|mviewerid0000058,0.200000,98.798000,0.302423,0.507908,117.111320,0.000000,0.000000,true,41.311000,19,311.552000,"{""bora011"":10,""diablo03"":6,""h3-standard-88-2"":3,""h4d-standard-192-7"":39}","{""bora011"":0.003117,""diablo03"":0.00181,""h3-standard-88-2"":0.00337,""h4d-standard-192-7"":0.018054}","[{""rank"":1,""recommended"":true,""feasible"":true,""budget_used"":0.302423,""budget_violation"":0,""makespan"":98.798,""deadline_violation"":0,""machine_signature"":""30ab516fc386e09a"",""weighted_score"":0.302423,""diversity_score"":3.327586},{""rank"":2,""recommended"":false,""feasible"":true,""budget_used"":0.334065,""budget_violation"":0,""makespan"":92.041,""deadline_violation"":0,""machine_signature"":""5d4c95ca89a6f0f4"",""weighted_score"":0.334065,""diversity_score"":3.172414},{""rank"":3,""recommended"":false,""feasible"":true,""budget_used"":0.425997,""budget_violation"":0,""makespan"":91.837,""deadline_violation"":0,""machine_signature"":""585885c3eaf1a19a"",""weighted_score"":0.425997,""diversity_score"":3.206897},{""rank"":4,""recommended"":false,""feasible"":true,""budget_used"":0.440836,""budget_violation"":0,""makespan"":91.837,""deadline_violation"":0,""machine_signature"":""40ff2fdf32c3b3ad"",""weighted_score"":0.440836,""diversity_score"":3.206897}]"
prism_cc_time,hybrid_hetero,1,maddid0000018|maddid0000037|maddid0000056|mbackgroundid0000015|mbackgroundid0000035|mbgmodelid0000012|mbgmodelid0000031|mconcatfitid0000011|mconcatfitid0000030|mdifffitid0000005|mdifffitid0000007|mdifffitid0000010|mdifffitid0000025|mdifffitid0000026|mdifffitid0000028|mdifffitid0000029|mdifffitid0000044|mimgtblid0000017|mimgtblid0000036|mimgtblid0000055|mprojectid0000003|mprojectid0000020|mprojectid0000022|mprojectid0000023|mprojectid0000040|mprojectid0000041|mviewerid0000038|mviewerid0000057|mviewerid0000058,0.200000,91.837000,0.425997,0.507908,117.111320,0.000000,0.000000,true,40.661000,17,311.552000,"{""bora011"":3,""diablo03"":1,""h3-standard-88-2"":8,""h4d-standard-192-7"":46}","{""bora011"":0.000597,""diablo03"":0.00021,""h3-standard-88-2"":0.003984,""h4d-standard-192-7"":0.019509}","[{""rank"":1,""recommended"":true,""feasible"":true,""budget_used"":0.425997,""budget_violation"":0,""makespan"":91.837,""deadline_violation"":0,""machine_signature"":""585885c3eaf1a19a"",""weighted_score"":0.929543,""diversity_score"":3.206897},{""rank"":2,""recommended"":false,""feasible"":true,""budget_used"":0.440836,""budget_violation"":0,""makespan"":91.837,""deadline_violation"":0,""machine_signature"":""40ff2fdf32c3b3ad"",""weighted_score"":0.929543,""diversity_score"":3.206897},{""rank"":3,""recommended"":false,""feasible"":true,""budget_used"":0.334065,""budget_violation"":0,""makespan"":92.041,""deadline_violation"":0,""machine_signature"":""5d4c95ca89a6f0f4"",""weighted_score"":0.931608,""diversity_score"":3.172414},{""rank"":4,""recommended"":false,""feasible"":true,""budget_used"":0.302423,""budget_violation"":0,""makespan"":98.798,""deadline_violation"":0,""machine_signature"":""30ab516fc386e09a"",""weighted_score"":1,""diversity_score"":3.327586}]"
heft_colocation,hybrid_homo,1,maddid0000018|maddid0000037|maddid0000056|mbackgroundid0000015|mbackgroundid0000035|mbgmodelid0000012|mbgmodelid0000031|mconcatfitid0000011|mconcatfitid0000030|mdifffitid0000005|mdifffitid0000007|mdifffitid0000010|mdifffitid0000025|mdifffitid0000026|mdifffitid0000028|mdifffitid0000029|mdifffitid0000044|mimgtblid0000017|mimgtblid0000036|mimgtblid0000055|mprojectid0000003|mprojectid0000020|mprojectid0000022|mprojectid0000023|mprojectid0000040|mprojectid0000041|mviewerid0000038|mviewerid0000057|mviewerid0000058,0.200000,90.904000,0.600205,0.747528,110.602640,0.000000,0.000000,true,21.095000,12,1.970000,"{""bora009"":2,""bora010"":1,""h4d-standard-192-5"":32,""h4d-standard-192-6"":23}","{""bora009"":0.00056,""bora010"":0.000302,""h4d-standard-192-5"":0.007514,""h4d-standard-192-6"":0.012015}",[]
prism_cc_cost,hybrid_homo,1,maddid0000018|maddid0000037|maddid0000056|mbackgroundid0000015|mbackgroundid0000035|mbgmodelid0000012|mbgmodelid0000031|mconcatfitid0000011|mconcatfitid0000030|mdifffitid0000005|mdifffitid0000007|mdifffitid0000010|mdifffitid0000025|mdifffitid0000026|mdifffitid0000028|mdifffitid0000029|mdifffitid0000044|mimgtblid0000017|mimgtblid0000036|mimgtblid0000055|mprojectid0000003|mprojectid0000020|mprojectid0000022|mprojectid0000023|mprojectid0000040|mprojectid0000041|mviewerid0000038|mviewerid0000057|mviewerid0000058,0.200000,99.852000,0.262245,0.747528,110.602640,0.000000,0.000000,true,33.421000,13,369.262000,"{""bora009"":15,""bora010"":14,""h4d-standard-192-5"":28,""h4d-standard-192-6"":1}","{""bora009"":0.005784,""bora010"":0.006356,""h4d-standard-192-5"":0.016523,""h4d-standard-192-6"":0.001488}","[{""rank"":1,""recommended"":true,""feasible"":true,""budget_used"":0.262245,""budget_violation"":0,""makespan"":99.852,""deadline_violation"":0,""machine_signature"":""ddcfec21df5da5db"",""weighted_score"":0.262245,""diversity_score"":3.517241},{""rank"":2,""recommended"":false,""feasible"":true,""budget_used"":0.527994,""budget_violation"":0,""makespan"":91.016,""deadline_violation"":0,""machine_signature"":""355d2126da18300a"",""weighted_score"":0.527994,""diversity_score"":3.5},{""rank"":3,""recommended"":false,""feasible"":true,""budget_used"":0.591263,""budget_violation"":0,""makespan"":90.904,""deadline_violation"":0,""machine_signature"":""9a3e7956e848a1fe"",""weighted_score"":0.591263,""diversity_score"":3.465517},{""rank"":4,""recommended"":false,""feasible"":true,""budget_used"":0.600205,""budget_violation"":0,""makespan"":90.904,""deadline_violation"":0,""machine_signature"":""98737f26fb080429"",""weighted_score"":0.600205,""diversity_score"":3.448276}]"
prism_cc_time,hybrid_homo,1,maddid0000018|maddid0000037|maddid0000056|mbackgroundid0000015|mbackgroundid0000035|mbgmodelid0000012|mbgmodelid0000031|mconcatfitid0000011|mconcatfitid0000030|mdifffitid0000005|mdifffitid0000007|mdifffitid0000010|mdifffitid0000025|mdifffitid0000026|mdifffitid0000028|mdifffitid0000029|mdifffitid0000044|mimgtblid0000017|mimgtblid0000036|mimgtblid0000055|mprojectid0000003|mprojectid0000020|mprojectid0000022|mprojectid0000023|mprojectid0000040|mprojectid0000041|mviewerid0000038|mviewerid0000057|mviewerid0000058,0.200000,90.904000,0.591263,0.747528,110.602640,0.000000,0.000000,true,21.095000,12,369.262000,"{""bora009"":3,""bora010"":1,""h4d-standard-192-5"":31,""h4d-standard-192-6"":23}","{""bora009"":0.000604,""bora010"":0.000302,""h4d-standard-192-5"":0.007512,""h4d-standard-192-6"":0.012015}","[{""rank"":1,""recommended"":true,""feasible"":true,""budget_used"":0.591263,""budget_violation"":0,""makespan"":90.904,""deadline_violation"":0,""machine_signature"":""9a3e7956e848a1fe"",""weighted_score"":0.910387,""diversity_score"":3.465517},{""rank"":2,""recommended"":false,""feasible"":true,""budget_used"":0.600205,""budget_violation"":0,""makespan"":90.904,""deadline_violation"":0,""machine_signature"":""98737f26fb080429"",""weighted_score"":0.910387,""diversity_score"":3.448276},{""rank"":3,""recommended"":false,""feasible"":true,""budget_used"":0.527994,""budget_violation"":0,""makespan"":91.016,""deadline_violation"":0,""machine_signature"":""355d2126da18300a"",""weighted_score"":0.911509,""diversity_score"":3.5},{""rank"":4,""recommended"":false,""feasible"":true,""budget_used"":0.262245,""budget_violation"":0,""makespan"":99.852,""deadline_violation"":0,""machine_signature"":""ddcfec21df5da5db"",""weighted_score"":1,""diversity_score"":3.517241}]"
heft_colocation,cloud_hetero,2,maddid0000037|mbackgroundid0000013|mbackgroundid0000014|mbackgroundid0000032|mbackgroundid0000033|mbackgroundid0000051|mbackgroundid0000052|mbackgroundid0000053|mbackgroundid0000054|mconcatfitid0000049|mdifffitid0000008|mdifffitid0000009|mdifffitid0000010|mdifffitid0000025|mdifffitid0000027|mdifffitid0000029|mdifffitid0000045|mdifffitid0000046|mdifffitid0000048|mimgtblid0000055|mprojectid0000001|mprojectid0000002|mprojectid0000020|mprojectid0000021|mprojectid0000022|mprojectid0000040|mviewerid0000038|mviewerid0000057|mviewerid0000058,0.200000,90.960000,0.676212,0.809118,110.678240,0.000000,0.000000,true,17.005000,15,2.024000,"{""h4d-highmem-192-1"":26,""h4d-standard-192-1"":32}","{""h3-standard-88-1"":0,""h3-standard-88-2"":0,""h4d-highmem-192-1"":0.011903,""h4d-standard-192-1"":0.007409}",[]
prism_cc_cost,cloud_hetero,2,maddid0000037|mbackgroundid0000013|mbackgroundid0000014|mbackgroundid0000032|mbackgroundid0000033|mbackgroundid0000051|mbackgroundid0000052|mbackgroundid0000053|mbackgroundid0000054|mconcatfitid0000049|mdifffitid0000008|mdifffitid0000009|mdifffitid0000010|mdifffitid0000025|mdifffitid0000027|mdifffitid0000029|mdifffitid0000045|mdifffitid0000046|mdifffitid0000048|mimgtblid0000055|mprojectid0000001|mprojectid0000002|mprojectid0000020|mprojectid0000021|mprojectid0000022|mprojectid0000040|mviewerid0000038|mviewerid0000057|mviewerid0000058,0.200000,102.923000,0.224537,0.809118,110.678240,0.000000,0.000000,true,47.181000,37,345.022000,"{""h4d-standard-192-1"":58}","{""h3-standard-88-1"":0,""h3-standard-88-2"":0,""h4d-highmem-192-1"":0,""h4d-standard-192-1"":0.018594}","[{""rank"":1,""recommended"":true,""feasible"":true,""budget_used"":0.224537,""budget_violation"":0,""makespan"":102.923,""deadline_violation"":0,""machine_signature"":""a66ddd92ad129e86"",""weighted_score"":0.224537,""diversity_score"":0},{""rank"":2,""recommended"":false,""feasible"":true,""budget_used"":0.5406,""budget_violation"":0,""makespan"":90.96,""deadline_violation"":0,""machine_signature"":""1597a67bf42b3248"",""weighted_score"":0.5406,""diversity_score"":1.275862},{""rank"":3,""recommended"":false,""feasible"":true,""budget_used"":0.672839,""budget_violation"":0,""makespan"":90.96,""deadline_violation"":0,""machine_signature"":""9b805d0043e78a8b"",""weighted_score"":0.672839,""diversity_score"":1.465517},{""rank"":4,""recommended"":false,""feasible"":true,""budget_used"":0.676212,""budget_violation"":0,""makespan"":90.96,""deadline_violation"":0,""machine_signature"":""d8fbc689ab36f009"",""weighted_score"":0.676212,""diversity_score"":1.448276}]"
prism_cc_time,cloud_hetero,2,maddid0000037|mbackgroundid0000013|mbackgroundid0000014|mbackgroundid0000032|mbackgroundid0000033|mbackgroundid0000051|mbackgroundid0000052|mbackgroundid0000053|mbackgroundid0000054|mconcatfitid0000049|mdifffitid0000008|mdifffitid0000009|mdifffitid0000010|mdifffitid0000025|mdifffitid0000027|mdifffitid0000029|mdifffitid0000045|mdifffitid0000046|mdifffitid0000048|mimgtblid0000055|mprojectid0000001|mprojectid0000002|mprojectid0000020|mprojectid0000021|mprojectid0000022|mprojectid0000040|mviewerid0000038|mviewerid0000057|mviewerid0000058,0.200000,90.960000,0.540600,0.809118,110.678240,0.000000,0.000000,true,25.517000,20,345.022000,"{""h4d-highmem-192-1"":16,""h4d-standard-192-1"":42}","{""h3-standard-88-1"":0,""h3-standard-88-2"":0,""h4d-highmem-192-1"":0.002677,""h4d-standard-192-1"":0.017122}","[{""rank"":1,""recommended"":true,""feasible"":true,""budget_used"":0.5406,""budget_violation"":0,""makespan"":90.96,""deadline_violation"":0,""machine_signature"":""1597a67bf42b3248"",""weighted_score"":0.883767,""diversity_score"":1.275862},{""rank"":2,""recommended"":false,""feasible"":true,""budget_used"":0.672839,""budget_violation"":0,""makespan"":90.96,""deadline_violation"":0,""machine_signature"":""9b805d0043e78a8b"",""weighted_score"":0.883767,""diversity_score"":1.465517},{""rank"":3,""recommended"":false,""feasible"":true,""budget_used"":0.676212,""budget_violation"":0,""makespan"":90.96,""deadline_violation"":0,""machine_signature"":""d8fbc689ab36f009"",""weighted_score"":0.883767,""diversity_score"":1.448276},{""rank"":4,""recommended"":false,""feasible"":true,""budget_used"":0.224537,""budget_violation"":0,""makespan"":102.923,""deadline_violation"":0,""machine_signature"":""a66ddd92ad129e86"",""weighted_score"":1,""diversity_score"":0}]"
heft_colocation,cloud_homo,2,maddid0000037|mbackgroundid0000013|mbackgroundid0000014|mbackgroundid0000032|mbackgroundid0000033|mbackgroundid0000051|mbackgroundid0000052|mbackgroundid0000053|mbackgroundid0000054|mconcatfitid0000049|mdifffitid0000008|mdifffitid0000009|mdifffitid0000010|mdifffitid0000025|mdifffitid0000027|mdifffitid0000029|mdifffitid0000045|mdifffitid0000046|mdifffitid0000048|mimgtblid0000055|mprojectid0000001|mprojectid0000002|mprojectid0000020|mprojectid0000021|mprojectid0000022|mprojectid0000040|mviewerid0000038|mviewerid0000057|mviewerid0000058,0.200000,88.371000,1.132167,1.344726,106.047360,0.000000,0.000000,true,4.323000,7,3.765000,"{""h4d-standard-192-1"":17,""h4d-standard-192-2"":12,""h4d-standard-192-3"":15,""h4d-standard-192-4"":14}","{""h4d-standard-192-1"":0.00359,""h4d-standard-192-2"":0.004348,""h4d-standard-192-3"":0.004467,""h4d-standard-192-4"":0.006725}",[]
prism_cc_cost,cloud_homo,2,maddid0000037|mbackgroundid0000013|mbackgroundid0000014|mbackgroundid0000032|mbackgroundid0000033|mbackgroundid0000051|mbackgroundid0000052|mbackgroundid0000053|mbackgroundid0000054|mconcatfitid0000049|mdifffitid0000008|mdifffitid0000009|mdifffitid0000010|mdifffitid0000025|mdifffitid0000027|mdifffitid0000029|mdifffitid0000045|mdifffitid0000046|mdifffitid0000048|mimgtblid0000055|mprojectid0000001|mprojectid0000002|mprojectid0000020|mprojectid0000021|mprojectid0000022|mprojectid0000040|mviewerid0000038|mviewerid0000057|mviewerid0000058,0.200000,97.365000,0.212415,1.344726,106.047360,0.000000,0.000000,true,46.516000,39,415.876000,"{""h4d-standard-192-1"":58}","{""h4d-standard-192-1"":0.01962,""h4d-standard-192-2"":0,""h4d-standard-192-3"":0,""h4d-standard-192-4"":0}","[{""rank"":1,""recommended"":true,""feasible"":true,""budget_used"":0.212415,""budget_violation"":0,""makespan"":97.365,""deadline_violation"":0,""machine_signature"":""b5b368d4f87c2fbe"",""weighted_score"":0.187618,""diversity_score"":0},{""rank"":2,""recommended"":false,""feasible"":true,""budget_used"":1.128819,""budget_violation"":0,""makespan"":88.371,""deadline_violation"":0,""machine_signature"":""592fb9451e8b7abf"",""weighted_score"":0.997043,""diversity_score"":3.724138},{""rank"":3,""recommended"":false,""feasible"":true,""budget_used"":1.132167,""budget_violation"":0,""makespan"":88.371,""deadline_violation"":0,""machine_signature"":""45024b4121710093"",""weighted_score"":1,""diversity_score"":3.706897}]"
prism_cc_time,cloud_homo,2,maddid0000037|mbackgroundid0000013|mbackgroundid0000014|mbackgroundid0000032|mbackgroundid0000033|mbackgroundid0000051|mbackgroundid0000052|mbackgroundid0000053|mbackgroundid0000054|mconcatfitid0000049|mdifffitid0000008|mdifffitid0000009|mdifffitid0000010|mdifffitid0000025|mdifffitid0000027|mdifffitid0000029|mdifffitid0000045|mdifffitid0000046|mdifffitid0000048|mimgtblid0000055|mprojectid0000001|mprojectid0000002|mprojectid0000020|mprojectid0000021|mprojectid0000022|mprojectid0000040|mviewerid0000038|mviewerid0000057|mviewerid0000058,0.200000,88.371000,1.128819,1.344726,106.047360,0.000000,0.000000,true,4.323000,7,415.876000,"{""h4d-standard-192-1"":16,""h4d-standard-192-2"":12,""h4d-standard-192-3"":15,""h4d-standard-192-4"":15}","{""h4d-standard-192-1"":0.003589,""h4d-standard-192-2"":0.004348,""h4d-standard-192-3"":0.004467,""h4d-standard-192-4"":0.006726}","[{""rank"":1,""recommended"":true,""feasible"":true,""budget_used"":1.128819,""budget_violation"":0,""makespan"":88.371,""deadline_violation"":0,""machine_signature"":""592fb9451e8b7abf"",""weighted_score"":0.907626,""diversity_score"":3.724138},{""rank"":2,""recommended"":false,""feasible"":true,""budget_used"":1.132167,""budget_violation"":0,""makespan"":88.371,""deadline_violation"":0,""machine_signature"":""45024b4121710093"",""weighted_score"":0.907626,""diversity_score"":3.706897},{""rank"":3,""recommended"":false,""feasible"":true,""budget_used"":0.212415,""budget_violation"":0,""makespan"":97.365,""deadline_violation"":0,""machine_signature"":""b5b368d4f87c2fbe"",""weighted_score"":1,""diversity_score"":0}]"
heft_colocation,cluster_hetero,2,maddid0000037|mbackgroundid0000013|mbackgroundid0000014|mbackgroundid0000032|mbackgroundid0000033|mbackgroundid0000051|mbackgroundid0000052|mbackgroundid0000053|mbackgroundid0000054|mconcatfitid0000049|mdifffitid0000008|mdifffitid0000009|mdifffitid0000010|mdifffitid0000025|mdifffitid0000027|mdifffitid0000029|mdifffitid0000045|mdifffitid0000046|mdifffitid0000048|mimgtblid0000055|mprojectid0000001|mprojectid0000002|mprojectid0000020|mprojectid0000021|mprojectid0000022|mprojectid0000040|mviewerid0000038|mviewerid0000057|mviewerid0000058,0.200000,281.883000,0.000000,0.000000,346.902440,0.000000,0.000000,true,49.174000,10,1.442000,"{""bora005"":19,""bora006"":24,""diablo01"":8,""diablo02"":7}","{""bora005"":0.096178,""bora006"":0.070604,""diablo01"":0.00487,""diablo02"":0.004167}",[]
prism_cc_cost,cluster_hetero,2,maddid0000037|mbackgroundid0000013|mbackgroundid0000014|mbackgroundid0000032|mbackgroundid0000033|mbackgroundid0000051|mbackgroundid0000052|mbackgroundid0000053|mbackgroundid0000054|mconcatfitid0000049|mdifffitid0000008|mdifffitid0000009|mdifffitid0000010|mdifffitid0000025|mdifffitid0000027|mdifffitid0000029|mdifffitid0000045|mdifffitid0000046|mdifffitid0000048|mimgtblid0000055|mprojectid0000001|mprojectid0000002|mprojectid0000020|mprojectid0000021|mprojectid0000022|mprojectid0000040|mviewerid0000038|mviewerid0000057|mviewerid0000058,0.200000,281.883000,0.000000,0.000000,346.902440,0.000000,0.000000,true,49.174000,10,191.409000,"{""bora005"":19,""bora006"":24,""diablo01"":8,""diablo02"":7}","{""bora005"":0.096178,""bora006"":0.070604,""diablo01"":0.00487,""diablo02"":0.004167}","[{""rank"":1,""recommended"":true,""feasible"":true,""budget_used"":0,""budget_violation"":0,""makespan"":281.883,""deadline_violation"":0,""machine_signature"":""653c7fcbcb55b65b"",""weighted_score"":0,""diversity_score"":3.586207},{""rank"":2,""recommended"":false,""feasible"":true,""budget_used"":0,""budget_violation"":0,""makespan"":281.883,""deadline_violation"":0,""machine_signature"":""c8a3391a72bbb492"",""weighted_score"":0,""diversity_score"":3.62069}]"
prism_cc_time,cluster_hetero,2,maddid0000037|mbackgroundid0000013|mbackgroundid0000014|mbackgroundid0000032|mbackgroundid0000033|mbackgroundid0000051|mbackgroundid0000052|mbackgroundid0000053|mbackgroundid0000054|mconcatfitid0000049|mdifffitid0000008|mdifffitid0000009|mdifffitid0000010|mdifffitid0000025|mdifffitid0000027|mdifffitid0000029|mdifffitid0000045|mdifffitid0000046|mdifffitid0000048|mimgtblid0000055|mprojectid0000001|mprojectid0000002|mprojectid0000020|mprojectid0000021|mprojectid0000022|mprojectid0000040|mviewerid0000038|mviewerid0000057|mviewerid0000058,0.200000,281.883000,0.000000,0.000000,346.902440,0.000000,0.000000,true,49.174000,10,191.409000,"{""bora005"":19,""bora006"":24,""diablo01"":8,""diablo02"":7}","{""bora005"":0.096178,""bora006"":0.070604,""diablo01"":0.00487,""diablo02"":0.004167}","[{""rank"":1,""recommended"":true,""feasible"":true,""budget_used"":0,""budget_violation"":0,""makespan"":281.883,""deadline_violation"":0,""machine_signature"":""653c7fcbcb55b65b"",""weighted_score"":1,""diversity_score"":3.586207},{""rank"":2,""recommended"":false,""feasible"":true,""budget_used"":0,""budget_violation"":0,""makespan"":281.883,""deadline_violation"":0,""machine_signature"":""c8a3391a72bbb492"",""weighted_score"":1,""diversity_score"":3.62069}]"
heft_colocation,cluster_homo,2,maddid0000037|mbackgroundid0000013|mbackgroundid0000014|mbackgroundid0000032|mbackgroundid0000033|mbackgroundid0000051|mbackgroundid0000052|mbackgroundid0000053|mbackgroundid0000054|mconcatfitid0000049|mdifffitid0000008|mdifffitid0000009|mdifffitid0000010|mdifffitid0000025|mdifffitid0000027|mdifffitid0000029|mdifffitid0000045|mdifffitid0000046|mdifffitid0000048|mimgtblid0000055|mprojectid0000001|mprojectid0000002|mprojectid0000020|mprojectid0000021|mprojectid0000022|mprojectid0000040|mviewerid0000038|mviewerid0000057|mviewerid0000058,0.200000,281.326000,0.000000,0.000000,337.591200,0.000000,0.000000,true,23.616000,7,0.883000,"{""bora001"":14,""bora002"":18,""bora003"":9,""bora004"":17}","{""bora001"":0.033064,""bora002"":0.041512,""bora003"":0.040002,""bora004"":0.062906}",[]
prism_cc_cost,cluster_homo,2,maddid0000037|mbackgroundid0000013|mbackgroundid0000014|mbackgroundid0000032|mbackgroundid0000033|mbackgroundid0000051|mbackgroundid0000052|mbackgroundid0000053|mbackgroundid0000054|mconcatfitid0000049|mdifffitid0000008|mdifffitid0000009|mdifffitid0000010|mdifffitid0000025|mdifffitid0000027|mdifffitid0000029|mdifffitid0000045|mdifffitid0000046|mdifffitid0000048|mimgtblid0000055|mprojectid0000001|mprojectid0000002|mprojectid0000020|mprojectid0000021|mprojectid0000022|mprojectid0000040|mviewerid0000038|mviewerid0000057|mviewerid0000058,0.200000,281.326000,0.000000,0.000000,337.591200,0.000000,0.000000,true,23.616000,7,154.331000,"{""bora001"":14,""bora002"":18,""bora003"":9,""bora004"":17}","{""bora001"":0.033064,""bora002"":0.041512,""bora003"":0.040002,""bora004"":0.062906}","[{""rank"":1,""recommended"":true,""feasible"":true,""budget_used"":0,""budget_violation"":0,""makespan"":281.326,""deadline_violation"":0,""machine_signature"":""a6ab6e8d123dec21"",""weighted_score"":0,""diversity_score"":3.689655},{""rank"":2,""recommended"":false,""feasible"":true,""budget_used"":0,""budget_violation"":0,""makespan"":281.326,""deadline_violation"":0,""machine_signature"":""5b9a8a0b210e835d"",""weighted_score"":0,""diversity_score"":3.655172}]"
prism_cc_time,cluster_homo,2,maddid0000037|mbackgroundid0000013|mbackgroundid0000014|mbackgroundid0000032|mbackgroundid0000033|mbackgroundid0000051|mbackgroundid0000052|mbackgroundid0000053|mbackgroundid0000054|mconcatfitid0000049|mdifffitid0000008|mdifffitid0000009|mdifffitid0000010|mdifffitid0000025|mdifffitid0000027|mdifffitid0000029|mdifffitid0000045|mdifffitid0000046|mdifffitid0000048|mimgtblid0000055|mprojectid0000001|mprojectid0000002|mprojectid0000020|mprojectid0000021|mprojectid0000022|mprojectid0000040|mviewerid0000038|mviewerid0000057|mviewerid0000058,0.200000,281.326000,0.000000,0.000000,337.591200,0.000000,0.000000,true,23.616000,7,154.331000,"{""bora001"":14,""bora002"":18,""bora003"":9,""bora004"":17}","{""bora001"":0.033064,""bora002"":0.041512,""bora003"":0.040002,""bora004"":0.062906}","[{""rank"":1,""recommended"":true,""feasible"":true,""budget_used"":0,""budget_violation"":0,""makespan"":281.326,""deadline_violation"":0,""machine_signature"":""a6ab6e8d123dec21"",""weighted_score"":1,""diversity_score"":3.689655},{""rank"":2,""recommended"":false,""feasible"":true,""budget_used"":0,""budget_violation"":0,""makespan"":281.326,""deadline_violation"":0,""machine_signature"":""5b9a8a0b210e835d"",""weighted_score"":1,""diversity_score"":3.655172}]"
heft_colocation,hybrid_hetero,2,maddid0000037|mbackgroundid0000013|mbackgroundid0000014|mbackgroundid0000032|mbackgroundid0000033|mbackgroundid0000051|mbackgroundid0000052|mbackgroundid0000053|mbackgroundid0000054|mconcatfitid0000049|mdifffitid0000008|mdifffitid0000009|mdifffitid0000010|mdifffitid0000025|mdifffitid0000027|mdifffitid0000029|mdifffitid0000045|mdifffitid0000046|mdifffitid0000048|mimgtblid0000055|mprojectid0000001|mprojectid0000002|mprojectid0000020|mprojectid0000021|mprojectid0000022|mprojectid0000040|mviewerid0000038|mviewerid0000057|mviewerid0000058,0.200000,95.314000,0.467603,0.507908,117.111320,0.000000,0.000000,true,37.314000,31,1.440000,"{""bora011"":2,""diablo03"":1,""h3-standard-88-2"":10,""h4d-standard-192-7"":45}","{""bora011"":0.000534,""diablo03"":0.000202,""h3-standard-88-2"":0.002915,""h4d-standard-192-7"":0.018831}",[]
prism_cc_cost,hybrid_hetero,2,maddid0000037|mbackgroundid0000013|mbackgroundid0000014|mbackgroundid0000032|mbackgroundid0000033|mbackgroundid0000051|mbackgroundid0000052|mbackgroundid0000053|mbackgroundid0000054|mconcatfitid0000049|mdifffitid0000008|mdifffitid0000009|mdifffitid0000010|mdifffitid0000025|mdifffitid0000027|mdifffitid0000029|mdifffitid0000045|mdifffitid0000046|mdifffitid0000048|mimgtblid0000055|mprojectid0000001|mprojectid0000002|mprojectid0000020|mprojectid0000021|mprojectid0000022|mprojectid0000040|mviewerid0000038|mviewerid0000057|mviewerid0000058,0.200000,103.067000,0.268307,0.507908,117.111320,0.000000,0.000000,true,37.411000,23,347.608000,"{""bora011"":19,""diablo03"":11,""h3-standard-88-2"":3,""h4d-standard-192-7"":25}","{""bora011"":0.007534,""diablo03"":0.003625,""h3-standard-88-2"":0.00231,""h4d-standard-192-7"":0.017073}","[{""rank"":1,""recommended"":true,""feasible"":true,""budget_used"":0.268307,""budget_violation"":0,""makespan"":103.067,""deadline_violation"":0,""machine_signature"":""b263eae95ef714bb"",""weighted_score"":0.268307,""diversity_score"":3.568966},{""rank"":2,""recommended"":false,""feasible"":true,""budget_used"":0.330912,""budget_violation"":0,""makespan"":95.669,""deadline_violation"":0,""machine_signature"":""f57f92d564e9bcba"",""weighted_score"":0.330912,""diversity_score"":3.241379},{""rank"":3,""recommended"":false,""feasible"":true,""budget_used"":0.443188,""budget_violation"":0,""makespan"":95.314,""deadline_violation"":0,""machine_signature"":""a0c31b9ce8816d52"",""weighted_score"":0.443188,""diversity_score"":3.224138},{""rank"":4,""recommended"":false,""feasible"":true,""budget_used"":0.467603,""budget_violation"":0,""makespan"":95.314,""deadline_violation"":0,""machine_signature"":""e0d090176bd5d4d0"",""weighted_score"":0.467603,""diversity_score"":3.224138}]"
prism_cc_time,hybrid_hetero,2,maddid0000037|mbackgroundid0000013|mbackgroundid0000014|mbackgroundid0000032|mbackgroundid0000033|mbackgroundid0000051|mbackgroundid0000052|mbackgroundid0000053|mbackgroundid0000054|mconcatfitid0000049|mdifffitid0000008|mdifffitid0000009|mdifffitid0000010|mdifffitid0000025|mdifffitid0000027|mdifffitid0000029|mdifffitid0000045|mdifffitid0000046|mdifffitid0000048|mimgtblid0000055|mprojectid0000001|mprojectid0000002|mprojectid0000020|mprojectid0000021|mprojectid0000022|mprojectid0000040|mviewerid0000038|mviewerid0000057|mviewerid0000058,0.200000,95.314000,0.443188,0.507908,117.111320,0.000000,0.000000,true,37.314000,31,347.608000,"{""bora011"":3,""diablo03"":1,""h3-standard-88-2"":9,""h4d-standard-192-7"":45}","{""bora011"":0.000576,""diablo03"":0.000202,""h3-standard-88-2"":0.002909,""h4d-standard-192-7"":0.018831}","[{""rank"":1,""recommended"":true,""feasible"":true,""budget_used"":0.443188,""budget_violation"":0,""makespan"":95.314,""deadline_violation"":0,""machine_signature"":""a0c31b9ce8816d52"",""weighted_score"":0.924777,""diversity_score"":3.224138},{""rank"":2,""recommended"":false,""feasible"":true,""budget_used"":0.467603,""budget_violation"":0,""makespan"":95.314,""deadline_violation"":0,""machine_signature"":""e0d090176bd5d4d0"",""weighted_score"":0.924777,""diversity_score"":3.224138},{""rank"":3,""recommended"":false,""feasible"":true,""budget_used"":0.330912,""budget_violation"":0,""makespan"":95.669,""deadline_violation"":0,""machine_signature"":""f57f92d564e9bcba"",""weighted_score"":0.928221,""diversity_score"":3.241379},{""rank"":4,""recommended"":false,""feasible"":true,""budget_used"":0.268307,""budget_violation"":0,""makespan"":103.067,""deadline_violation"":0,""machine_signature"":""b263eae95ef714bb"",""weighted_score"":1,""diversity_score"":3.568966}]"
heft_colocation,hybrid_homo,2,maddid0000037|mbackgroundid0000013|mbackgroundid0000014|mbackgroundid0000032|mbackgroundid0000033|mbackgroundid0000051|mbackgroundid0000052|mbackgroundid0000053|mbackgroundid0000054|mconcatfitid0000049|mdifffitid0000008|mdifffitid0000009|mdifffitid0000010|mdifffitid0000025|mdifffitid0000027|mdifffitid0000029|mdifffitid0000045|mdifffitid0000046|mdifffitid0000048|mimgtblid0000055|mprojectid0000001|mprojectid0000002|mprojectid0000020|mprojectid0000021|mprojectid0000022|mprojectid0000040|mviewerid0000038|mviewerid0000057|mviewerid0000058,0.200000,90.904000,0.627157,0.747528,110.602640,0.000000,0.000000,true,16.959000,14,1.851000,"{""bora009"":2,""bora010"":1,""h4d-standard-192-5"":30,""h4d-standard-192-6"":25}","{""bora009"":0.00056,""bora010"":0.000302,""h4d-standard-192-5"":0.007399,""h4d-standard-192-6"":0.011893}",[]
prism_cc_cost,hybrid_homo,2,maddid0000037|mbackgroundid0000013|mbackgroundid0000014|mbackgroundid0000032|mbackgroundid0000033|mbackgroundid0000051|mbackgroundid0000052|mbackgroundid0000053|mbackgroundid0000054|mconcatfitid0000049|mdifffitid0000008|mdifffitid0000009|mdifffitid0000010|mdifffitid0000025|mdifffitid0000027|mdifffitid0000029|mdifffitid0000045|mdifffitid0000046|mdifffitid0000048|mimgtblid0000055|mprojectid0000001|mprojectid0000002|mprojectid0000020|mprojectid0000021|mprojectid0000022|mprojectid0000040|mviewerid0000038|mviewerid0000057|mviewerid0000058,0.200000,103.647000,0.251251,0.747528,110.602640,0.000000,0.000000,true,25.811000,15,421.462000,"{""bora009"":20,""bora010"":20,""h4d-standard-192-5"":17,""h4d-standard-192-6"":1}","{""bora009"":0.008323,""bora010"":0.010976,""h4d-standard-192-5"":0.014572,""h4d-standard-192-6"":0.002133}","[{""rank"":1,""recommended"":true,""feasible"":true,""budget_used"":0.251251,""budget_violation"":0,""makespan"":103.647,""deadline_violation"":0,""machine_signature"":""6079c67c20fc5475"",""weighted_score"":0.251251,""diversity_score"":3.655172},{""rank"":2,""recommended"":false,""feasible"":true,""budget_used"":0.528877,""budget_violation"":0,""makespan"":90.904,""deadline_violation"":0,""machine_signature"":""dbd69fa95c0783ea"",""weighted_score"":0.528877,""diversity_score"":3.534483},{""rank"":3,""recommended"":false,""feasible"":true,""budget_used"":0.627157,""budget_violation"":0,""makespan"":90.904,""deadline_violation"":0,""machine_signature"":""74a1558d08f5a7e4"",""weighted_score"":0.627157,""diversity_score"":3.482759}]"
prism_cc_time,hybrid_homo,2,maddid0000037|mbackgroundid0000013|mbackgroundid0000014|mbackgroundid0000032|mbackgroundid0000033|mbackgroundid0000051|mbackgroundid0000052|mbackgroundid0000053|mbackgroundid0000054|mconcatfitid0000049|mdifffitid0000008|mdifffitid0000009|mdifffitid0000010|mdifffitid0000025|mdifffitid0000027|mdifffitid0000029|mdifffitid0000045|mdifffitid0000046|mdifffitid0000048|mimgtblid0000055|mprojectid0000001|mprojectid0000002|mprojectid0000020|mprojectid0000021|mprojectid0000022|mprojectid0000040|mviewerid0000038|mviewerid0000057|mviewerid0000058,0.200000,90.904000,0.528877,0.747528,110.602640,0.000000,0.000000,true,16.959000,14,421.462000,"{""bora009"":4,""bora010"":2,""h4d-standard-192-5"":27,""h4d-standard-192-6"":25}","{""bora009"":0.000604,""bora010"":0.000689,""h4d-standard-192-5"":0.00739,""h4d-standard-192-6"":0.011887}","[{""rank"":1,""recommended"":true,""feasible"":true,""budget_used"":0.528877,""budget_violation"":0,""makespan"":90.904,""deadline_violation"":0,""machine_signature"":""dbd69fa95c0783ea"",""weighted_score"":0.877054,""diversity_score"":3.534483},{""rank"":2,""recommended"":false,""feasible"":true,""budget_used"":0.627157,""budget_violation"":0,""makespan"":90.904,""deadline_violation"":0,""machine_signature"":""74a1558d08f5a7e4"",""weighted_score"":0.877054,""diversity_score"":3.482759},{""rank"":3,""recommended"":false,""feasible"":true,""budget_used"":0.251251,""budget_violation"":0,""makespan"":103.647,""deadline_violation"":0,""machine_signature"":""6079c67c20fc5475"",""weighted_score"":1,""diversity_score"":3.655172}]"
heft_colocation,cloud_hetero,3,maddid0000018|maddid0000037|mbackgroundid0000013|mbackgroundid0000014|mbackgroundid0000016|mbackgroundid0000032|mbackgroundid0000033|mbackgroundid0000034|mbackgroundid0000035|mbackgroundid0000052|mbackgroundid0000053|mbackgroundid0000054|mbgmodelid0000050|mconcatfitid0000011|mconcatfitid0000030|mdifffitid0000005|mdifffitid0000010|mdifffitid0000025|mdifffitid0000027|mdifffitid0000029|mdifffitid0000043|mdifffitid0000044|mdifffitid0000048|mimgtblid0000017|mimgtblid0000036|mprojectid0000004|mprojectid0000039|mviewerid0000038|mviewerid0000058,0.200000,90.960000,0.665991,0.809118,110.678240,0.000000,0.000000,true,1.007000,14,1.986000,"{""h4d-highmem-192-1"":25,""h4d-standard-192-1"":33}","{""h3-standard-88-1"":0,""h3-standard-88-2"":0,""h4d-highmem-192-1"":0.010833,""h4d-standard-192-1"":0.007563}",[]
prism_cc_cost,cloud_hetero,3,maddid0000018|maddid0000037|mbackgroundid0000013|mbackgroundid0000014|mbackgroundid0000016|mbackgroundid0000032|mbackgroundid0000033|mbackgroundid0000034|mbackgroundid0000035|mbackgroundid0000052|mbackgroundid0000053|mbackgroundid0000054|mbgmodelid0000050|mconcatfitid0000011|mconcatfitid0000030|mdifffitid0000005|mdifffitid0000010|mdifffitid0000025|mdifffitid0000027|mdifffitid0000029|mdifffitid0000043|mdifffitid0000044|mdifffitid0000048|mimgtblid0000017|mimgtblid0000036|mprojectid0000004|mprojectid0000039|mviewerid0000038|mviewerid0000058,0.200000,94.586000,0.206348,0.809118,110.678240,0.000000,0.000000,true,5.541000,20,384.344000,"{""h4d-standard-192-1"":58}","{""h3-standard-88-1"":0,""h3-standard-88-2"":0,""h4d-highmem-192-1"":0,""h4d-standard-192-1"":0.01794}","[{""rank"":1,""recommended"":true,""feasible"":true,""budget_used"":0.206348,""budget_violation"":0,""makespan"":94.586,""deadline_violation"":0,""machine_signature"":""1ae108b919e34ab7"",""weighted_score"":0.206348,""diversity_score"":0},{""rank"":2,""recommended"":false,""feasible"":true,""budget_used"":0.633906,""budget_violation"":0,""makespan"":90.96,""deadline_violation"":0,""machine_signature"":""5a93fad3fd8488ac"",""weighted_score"":0.633906,""diversity_score"":1.413793},{""rank"":3,""recommended"":false,""feasible"":true,""budget_used"":0.665991,""budget_violation"":0,""makespan"":90.96,""deadline_violation"":0,""machine_signature"":""3b0111f6ebd9e637"",""weighted_score"":0.665991,""diversity_score"":1.431034}]"
prism_cc_time,cloud_hetero,3,maddid0000018|maddid0000037|mbackgroundid0000013|mbackgroundid0000014|mbackgroundid0000016|mbackgroundid0000032|mbackgroundid0000033|mbackgroundid0000034|mbackgroundid0000035|mbackgroundid0000052|mbackgroundid0000053|mbackgroundid0000054|mbgmodelid0000050|mconcatfitid0000011|mconcatfitid0000030|mdifffitid0000005|mdifffitid0000010|mdifffitid0000025|mdifffitid0000027|mdifffitid0000029|mdifffitid0000043|mdifffitid0000044|mdifffitid0000048|mimgtblid0000017|mimgtblid0000036|mprojectid0000004|mprojectid0000039|mviewerid0000038|mviewerid0000058,0.200000,90.960000,0.633906,0.809118,110.678240,0.000000,0.000000,true,1.007000,14,384.344000,"{""h4d-highmem-192-1"":24,""h4d-standard-192-1"":34}","{""h3-standard-88-1"":0,""h3-standard-88-2"":0,""h4d-highmem-192-1"":0.010824,""h4d-standard-192-1"":0.007572}","[{""rank"":1,""recommended"":true,""feasible"":true,""budget_used"":0.633906,""budget_violation"":0,""makespan"":90.96,""deadline_violation"":0,""machine_signature"":""5a93fad3fd8488ac"",""weighted_score"":0.961665,""diversity_score"":1.413793},{""rank"":2,""recommended"":false,""feasible"":true,""budget_used"":0.665991,""budget_violation"":0,""makespan"":90.96,""deadline_violation"":0,""machine_signature"":""3b0111f6ebd9e637"",""weighted_score"":0.961665,""diversity_score"":1.431034},{""rank"":3,""recommended"":false,""feasible"":true,""budget_used"":0.206348,""budget_violation"":0,""makespan"":94.586,""deadline_violation"":0,""machine_signature"":""1ae108b919e34ab7"",""weighted_score"":1,""diversity_score"":0}]"
heft_colocation,cloud_homo,3,maddid0000018|maddid0000037|mbackgroundid0000013|mbackgroundid0000014|mbackgroundid0000016|mbackgroundid0000032|mbackgroundid0000033|mbackgroundid0000034|mbackgroundid0000035|mbackgroundid0000052|mbackgroundid0000053|mbackgroundid0000054|mbgmodelid0000050|mconcatfitid0000011|mconcatfitid0000030|mdifffitid0000005|mdifffitid0000010|mdifffitid0000025|mdifffitid0000027|mdifffitid0000029|mdifffitid0000043|mdifffitid0000044|mdifffitid0000048|mimgtblid0000017|mimgtblid0000036|mprojectid0000004|mprojectid0000039|mviewerid0000038|mviewerid0000058,0.200000,88.371000,1.122014,1.344726,106.047360,0.000000,0.000000,true,0.488000,6,3.729000,"{""h4d-standard-192-1"":18,""h4d-standard-192-2"":12,""h4d-standard-192-3"":16,""h4d-standard-192-4"":12}","{""h4d-standard-192-1"":0.004379,""h4d-standard-192-2"":0.00423,""h4d-standard-192-3"":0.004364,""h4d-standard-192-4"":0.00593}",[]
prism_cc_cost,cloud_homo,3,maddid0000018|maddid0000037|mbackgroundid0000013|mbackgroundid0000014|mbackgroundid0000016|mbackgroundid0000032|mbackgroundid0000033|mbackgroundid0000034|mbackgroundid0000035|mbackgroundid0000052|mbackgroundid0000053|mbackgroundid0000054|mbgmodelid0000050|mconcatfitid0000011|mconcatfitid0000030|mdifffitid0000005|mdifffitid0000010|mdifffitid0000025|mdifffitid0000027|mdifffitid0000029|mdifffitid0000043|mdifffitid0000044|mdifffitid0000048|mimgtblid0000017|mimgtblid0000036|mprojectid0000004|mprojectid0000039|mviewerid0000038|mviewerid0000058,0.200000,92.879000,0.202621,1.344726,106.047360,0.000000,0.000000,true,5.424000,16,392.664000,"{""h4d-standard-192-1"":58}","{""h4d-standard-192-1"":0.018263,""h4d-standard-192-2"":0,""h4d-standard-192-3"":0,""h4d-standard-192-4"":0}","[{""rank"":1,""recommended"":true,""feasible"":true,""budget_used"":0.202621,""budget_violation"":0,""makespan"":92.879,""deadline_violation"":0,""machine_signature"":""599a2db52fceeb0d"",""weighted_score"":0.180587,""diversity_score"":0},{""rank"":2,""recommended"":false,""feasible"":true,""budget_used"":1.087102,""budget_violation"":0,""makespan"":88.371,""deadline_violation"":0,""machine_signature"":""72ed5bc475d0347f"",""weighted_score"":0.968885,""diversity_score"":3.706897},{""rank"":3,""recommended"":false,""feasible"":true,""budget_used"":1.122014,""budget_violation"":0,""makespan"":88.371,""deadline_violation"":0,""machine_signature"":""0b7a3b36d9a6097e"",""weighted_score"":1,""diversity_score"":3.689655}]"
prism_cc_time,cloud_homo,3,maddid0000018|maddid0000037|mbackgroundid0000013|mbackgroundid0000014|mbackgroundid0000016|mbackgroundid0000032|mbackgroundid0000033|mbackgroundid0000034|mbackgroundid0000035|mbackgroundid0000052|mbackgroundid0000053|mbackgroundid0000054|mbgmodelid0000050|mconcatfitid0000011|mconcatfitid0000030|mdifffitid0000005|mdifffitid0000010|mdifffitid0000025|mdifffitid0000027|mdifffitid0000029|mdifffitid0000043|mdifffitid0000044|mdifffitid0000048|mimgtblid0000017|mimgtblid0000036|mprojectid0000004|mprojectid0000039|mviewerid0000038|mviewerid0000058,0.200000,88.371000,1.087102,1.344726,106.047360,0.000000,0.000000,true,0.488000,6,392.664000,"{""h4d-standard-192-1"":17,""h4d-standard-192-2"":12,""h4d-standard-192-3"":14,""h4d-standard-192-4"":15}","{""h4d-standard-192-1"":0.004337,""h4d-standard-192-2"":0.00425,""h4d-standard-192-3"":0.004327,""h4d-standard-192-4"":0.00599}","[{""rank"":1,""recommended"":true,""feasible"":true,""budget_used"":1.087102,""budget_violation"":0,""makespan"":88.371,""deadline_violation"":0,""machine_signature"":""72ed5bc475d0347f"",""weighted_score"":0.951464,""diversity_score"":3.706897},{""rank"":2,""recommended"":false,""feasible"":true,""budget_used"":1.122014,""budget_violation"":0,""makespan"":88.371,""deadline_violation"":0,""machine_signature"":""0b7a3b36d9a6097e"",""weighted_score"":0.951464,""diversity_score"":3.689655},{""rank"":3,""recommended"":false,""feasible"":true,""budget_used"":0.202621,""budget_violation"":0,""makespan"":92.879,""deadline_violation"":0,""machine_signature"":""599a2db52fceeb0d"",""weighted_score"":1,""diversity_score"":0}]"
heft_colocation,cluster_hetero,3,maddid0000018|maddid0000037|mbackgroundid0000013|mbackgroundid0000014|mbackgroundid0000016|mbackgroundid0000032|mbackgroundid0000033|mbackgroundid0000034|mbackgroundid0000035|mbackgroundid0000052|mbackgroundid0000053|mbackgroundid0000054|mbgmodelid0000050|mconcatfitid0000011|mconcatfitid0000030|mdifffitid0000005|mdifffitid0000010|mdifffitid0000025|mdifffitid0000027|mdifffitid0000029|mdifffitid0000043|mdifffitid0000044|mdifffitid0000048|mimgtblid0000017|mimgtblid0000036|mprojectid0000004|mprojectid0000039|mviewerid0000038|mviewerid0000058,0.200000,281.883000,0.000000,0.000000,346.902440,0.000000,0.000000,true,1.926000,5,0.973000,"{""bora005"":20,""bora006"":27,""diablo01"":4,""diablo02"":7}","{""bora005"":0.088398,""bora006"":0.085195,""diablo01"":0.000283,""diablo02"":0.000703}",[]
prism_cc_cost,cluster_hetero,3,maddid0000018|maddid0000037|mbackgroundid0000013|mbackgroundid0000014|mbackgroundid0000016|mbackgroundid0000032|mbackgroundid0000033|mbackgroundid0000034|mbackgroundid0000035|mbackgroundid0000052|mbackgroundid0000053|mbackgroundid0000054|mbgmodelid0000050|mconcatfitid0000011|mconcatfitid0000030|mdifffitid0000005|mdifffitid0000010|mdifffitid0000025|mdifffitid0000027|mdifffitid0000029|mdifffitid0000043|mdifffitid0000044|mdifffitid0000048|mimgtblid0000017|mimgtblid0000036|mprojectid0000004|mprojectid0000039|mviewerid0000038|mviewerid0000058,0.200000,281.883000,0.000000,0.000000,346.902440,0.000000,0.000000,true,1.926000,5,186.231000,"{""bora005"":20,""bora006"":27,""diablo01"":4,""diablo02"":7}","{""bora005"":0.088398,""bora006"":0.085195,""diablo01"":0.000283,""diablo02"":0.000703}","[{""rank"":1,""recommended"":true,""feasible"":true,""budget_used"":0,""budget_violation"":0,""makespan"":281.883,""deadline_violation"":0,""machine_signature"":""1d6286072683b294"",""weighted_score"":0,""diversity_score"":3.534483},{""rank"":2,""recommended"":false,""feasible"":true,""budget_used"":0,""budget_violation"":0,""makespan"":283.333,""deadline_violation"":0,""machine_signature"":""3a8e2c76c91de7c9"",""weighted_score"":0,""diversity_score"":3.586207}]"
prism_cc_time,cluster_hetero,3,maddid0000018|maddid0000037|mbackgroundid0000013|mbackgroundid0000014|mbackgroundid0000016|mbackgroundid0000032|mbackgroundid0000033|mbackgroundid0000034|mbackgroundid0000035|mbackgroundid0000052|mbackgroundid0000053|mbackgroundid0000054|mbgmodelid0000050|mconcatfitid0000011|mconcatfitid0000030|mdifffitid0000005|mdifffitid0000010|mdifffitid0000025|mdifffitid0000027|mdifffitid0000029|mdifffitid0000043|mdifffitid0000044|mdifffitid0000048|mimgtblid0000017|mimgtblid0000036|mprojectid0000004|mprojectid0000039|mviewerid0000038|mviewerid0000058,0.200000,281.883000,0.000000,0.000000,346.902440,0.000000,0.000000,true,1.926000,5,186.231000,"{""bora005"":20,""bora006"":27,""diablo01"":4,""diablo02"":7}","{""bora005"":0.088398,""bora006"":0.085195,""diablo01"":0.000283,""diablo02"":0.000703}","[{""rank"":1,""recommended"":true,""feasible"":true,""budget_used"":0,""budget_violation"":0,""makespan"":281.883,""deadline_violation"":0,""machine_signature"":""1d6286072683b294"",""weighted_score"":0.994882,""diversity_score"":3.534483},{""rank"":2,""recommended"":false,""feasible"":true,""budget_used"":0,""budget_violation"":0,""makespan"":283.333,""deadline_violation"":0,""machine_signature"":""3a8e2c76c91de7c9"",""weighted_score"":1,""diversity_score"":3.586207}]"
heft_colocation,cluster_homo,3,maddid0000018|maddid0000037|mbackgroundid0000013|mbackgroundid0000014|mbackgroundid0000016|mbackgroundid0000032|mbackgroundid0000033|mbackgroundid0000034|mbackgroundid0000035|mbackgroundid0000052|mbackgroundid0000053|mbackgroundid0000054|mbgmodelid0000050|mconcatfitid0000011|mconcatfitid0000030|mdifffitid0000005|mdifffitid0000010|mdifffitid0000025|mdifffitid0000027|mdifffitid0000029|mdifffitid0000043|mdifffitid0000044|mdifffitid0000048|mimgtblid0000017|mimgtblid0000036|mprojectid0000004|mprojectid0000039|mviewerid0000038|mviewerid0000058,0.200000,281.326000,0.000000,0.000000,337.591200,0.000000,0.000000,true,0.851000,3,0.774000,"{""bora001"":17,""bora002"":17,""bora003"":13,""bora004"":11}","{""bora001"":0.040847,""bora002"":0.040083,""bora003"":0.039869,""bora004"":0.054439}",[]
prism_cc_cost,cluster_homo,3,maddid0000018|maddid0000037|mbackgroundid0000013|mbackgroundid0000014|mbackgroundid0000016|mbackgroundid0000032|mbackgroundid0000033|mbackgroundid0000034|mbackgroundid0000035|mbackgroundid0000052|mbackgroundid0000053|mbackgroundid0000054|mbgmodelid0000050|mconcatfitid0000011|mconcatfitid0000030|mdifffitid0000005|mdifffitid0000010|mdifffitid0000025|mdifffitid0000027|mdifffitid0000029|mdifffitid0000043|mdifffitid0000044|mdifffitid0000048|mimgtblid0000017|mimgtblid0000036|mprojectid0000004|mprojectid0000039|mviewerid0000038|mviewerid0000058,0.200000,281.326000,0.000000,0.000000,337.591200,0.000000,0.000000,true,0.851000,3,172.244000,"{""bora001"":17,""bora002"":17,""bora003"":13,""bora004"":11}","{""bora001"":0.040847,""bora002"":0.040083,""bora003"":0.039869,""bora004"":0.054439}","[{""rank"":1,""recommended"":true,""feasible"":true,""budget_used"":0,""budget_violation"":0,""makespan"":281.326,""deadline_violation"":0,""machine_signature"":""f54695f9efdcab6e"",""weighted_score"":0,""diversity_score"":3.706897},{""rank"":2,""recommended"":false,""feasible"":true,""budget_used"":0,""budget_violation"":0,""makespan"":281.725,""deadline_violation"":0,""machine_signature"":""37198ed07180c6e2"",""weighted_score"":0,""diversity_score"":3.689655}]"
prism_cc_time,cluster_homo,3,maddid0000018|maddid0000037|mbackgroundid0000013|mbackgroundid0000014|mbackgroundid0000016|mbackgroundid0000032|mbackgroundid0000033|mbackgroundid0000034|mbackgroundid0000035|mbackgroundid0000052|mbackgroundid0000053|mbackgroundid0000054|mbgmodelid0000050|mconcatfitid0000011|mconcatfitid0000030|mdifffitid0000005|mdifffitid0000010|mdifffitid0000025|mdifffitid0000027|mdifffitid0000029|mdifffitid0000043|mdifffitid0000044|mdifffitid0000048|mimgtblid0000017|mimgtblid0000036|mprojectid0000004|mprojectid0000039|mviewerid0000038|mviewerid0000058,0.200000,281.326000,0.000000,0.000000,337.591200,0.000000,0.000000,true,0.851000,3,172.244000,"{""bora001"":17,""bora002"":17,""bora003"":13,""bora004"":11}","{""bora001"":0.040847,""bora002"":0.040083,""bora003"":0.039869,""bora004"":0.054439}","[{""rank"":1,""recommended"":true,""feasible"":true,""budget_used"":0,""budget_violation"":0,""makespan"":281.326,""deadline_violation"":0,""machine_signature"":""f54695f9efdcab6e"",""weighted_score"":0.998584,""diversity_score"":3.706897},{""rank"":2,""recommended"":false,""feasible"":true,""budget_used"":0,""budget_violation"":0,""makespan"":281.725,""deadline_violation"":0,""machine_signature"":""37198ed07180c6e2"",""weighted_score"":1,""diversity_score"":3.689655}]"
heft_colocation,hybrid_hetero,3,maddid0000018|maddid0000037|mbackgroundid0000013|mbackgroundid0000014|mbackgroundid0000016|mbackgroundid0000032|mbackgroundid0000033|mbackgroundid0000034|mbackgroundid0000035|mbackgroundid0000052|mbackgroundid0000053|mbackgroundid0000054|mbgmodelid0000050|mconcatfitid0000011|mconcatfitid0000030|mdifffitid0000005|mdifffitid0000010|mdifffitid0000025|mdifffitid0000027|mdifffitid0000029|mdifffitid0000043|mdifffitid0000044|mdifffitid0000048|mimgtblid0000017|mimgtblid0000036|mprojectid0000004|mprojectid0000039|mviewerid0000038|mviewerid0000058,0.200000,92.184000,0.201113,0.507908,117.111320,0.000000,0.000000,true,5.564000,18,1.458000,"{""bora011"":5,""diablo03"":1,""h4d-standard-192-7"":52}","{""bora011"":0.000638,""diablo03"":0.000209,""h3-standard-88-2"":0,""h4d-standard-192-7"":0.018377}",[]
prism_cc_cost,hybrid_hetero,3,maddid0000018|maddid0000037|mbackgroundid0000013|mbackgroundid0000014|mbackgroundid0000016|mbackgroundid0000032|mbackgroundid0000033|mbackgroundid0000034|mbackgroundid0000035|mbackgroundid0000052|mbackgroundid0000053|mbackgroundid0000054|mbgmodelid0000050|mconcatfitid0000011|mconcatfitid0000030|mdifffitid0000005|mdifffitid0000010|mdifffitid0000025|mdifffitid0000027|mdifffitid0000029|mdifffitid0000043|mdifffitid0000044|mdifffitid0000048|mimgtblid0000017|mimgtblid0000036|mprojectid0000004|mprojectid0000039|mviewerid0000038|mviewerid0000058,0.200000,105.829000,0.127925,0.507908,117.111320,0.000000,0.000000,true,7.154000,10,320.309000,"{""bora011"":26,""diablo03"":14,""h4d-standard-192-7"":18}","{""bora011"":0.01375,""diablo03"":0.004299,""h3-standard-88-2"":0,""h4d-standard-192-7"":0.015323}","[{""rank"":1,""recommended"":true,""feasible"":true,""budget_used"":0.127925,""budget_violation"":0,""makespan"":105.829,""deadline_violation"":0,""machine_signature"":""fed7a9838b5780d4"",""weighted_score"":0.127925,""diversity_score"":2.551724},{""rank"":2,""recommended"":false,""feasible"":true,""budget_used"":0.201113,""budget_violation"":0,""makespan"":92.184,""deadline_violation"":0,""machine_signature"":""666b2fcb82cc1292"",""weighted_score"":0.201113,""diversity_score"":2.103448}]"
prism_cc_time,hybrid_hetero,3,maddid0000018|maddid0000037|mbackgroundid0000013|mbackgroundid0000014|mbackgroundid0000016|mbackgroundid0000032|mbackgroundid0000033|mbackgroundid0000034|mbackgroundid0000035|mbackgroundid0000052|mbackgroundid0000053|mbackgroundid0000054|mbgmodelid0000050|mconcatfitid0000011|mconcatfitid0000030|mdifffitid0000005|mdifffitid0000010|mdifffitid0000025|mdifffitid0000027|mdifffitid0000029|mdifffitid0000043|mdifffitid0000044|mdifffitid0000048|mimgtblid0000017|mimgtblid0000036|mprojectid0000004|mprojectid0000039|mviewerid0000038|mviewerid0000058,0.200000,92.184000,0.201113,0.507908,117.111320,0.000000,0.000000,true,5.564000,18,320.309000,"{""bora011"":5,""diablo03"":1,""h4d-standard-192-7"":52}","{""bora011"":0.000638,""diablo03"":0.000209,""h3-standard-88-2"":0,""h4d-standard-192-7"":0.018377}","[{""rank"":1,""recommended"":true,""feasible"":true,""budget_used"":0.201113,""budget_violation"":0,""makespan"":92.184,""deadline_violation"":0,""machine_signature"":""666b2fcb82cc1292"",""weighted_score"":0.871066,""diversity_score"":2.103448},{""rank"":2,""recommended"":false,""feasible"":true,""budget_used"":0.127925,""budget_violation"":0,""makespan"":105.829,""deadline_violation"":0,""machine_signature"":""fed7a9838b5780d4"",""weighted_score"":1,""diversity_score"":2.551724}]"
heft_colocation,hybrid_homo,3,maddid0000018|maddid0000037|mbackgroundid0000013|mbackgroundid0000014|mbackgroundid0000016|mbackgroundid0000032|mbackgroundid0000033|mbackgroundid0000034|mbackgroundid0000035|mbackgroundid0000052|mbackgroundid0000053|mbackgroundid0000054|mbgmodelid0000050|mconcatfitid0000011|mconcatfitid0000030|mdifffitid0000005|mdifffitid0000010|mdifffitid0000025|mdifffitid0000027|mdifffitid0000029|mdifffitid0000043|mdifffitid0000044|mdifffitid0000048|mimgtblid0000017|mimgtblid0000036|mprojectid0000004|mprojectid0000039|mviewerid0000038|mviewerid0000058,0.200000,90.904000,0.616930,0.747528,110.602640,0.000000,0.000000,true,1.007000,14,1.816000,"{""bora009"":2,""bora010"":1,""h4d-standard-192-5"":31,""h4d-standard-192-6"":24}","{""bora009"":0.00056,""bora010"":0.000302,""h4d-standard-192-5"":0.007556,""h4d-standard-192-6"":0.010822}",[]
prism_cc_cost,hybrid_homo,3,maddid0000018|maddid0000037|mbackgroundid0000013|mbackgroundid0000014|mbackgroundid0000016|mbackgroundid0000032|mbackgroundid0000033|mbackgroundid0000034|mbackgroundid0000035|mbackgroundid0000052|mbackgroundid0000053|mbackgroundid0000054|mbgmodelid0000050|mconcatfitid0000011|mconcatfitid0000030|mdifffitid0000005|mdifffitid0000010|mdifffitid0000025|mdifffitid0000027|mdifffitid0000029|mdifffitid0000043|mdifffitid0000044|mdifffitid0000048|mimgtblid0000017|mimgtblid0000036|mprojectid0000004|mprojectid0000039|mviewerid0000038|mviewerid0000058,0.200000,97.922000,0.330828,0.747528,110.602640,0.000000,0.000000,true,1.277000,10,387.286000,"{""bora009"":14,""bora010"":9,""h4d-standard-192-5"":30,""h4d-standard-192-6"":5}","{""bora009"":0.004161,""bora010"":0.003873,""h4d-standard-192-5"":0.01464,""h4d-standard-192-6"":0.002179}","[{""rank"":1,""recommended"":true,""feasible"":true,""budget_used"":0.330828,""budget_violation"":0,""makespan"":97.922,""deadline_violation"":0,""machine_signature"":""67e934203704f2ba"",""weighted_score"":0.330828,""diversity_score"":3.482759},{""rank"":2,""recommended"":false,""feasible"":true,""budget_used"":0.564312,""budget_violation"":0,""makespan"":90.904,""deadline_violation"":0,""machine_signature"":""daba39fb2465c87a"",""weighted_score"":0.564312,""diversity_score"":3.465517},{""rank"":3,""recommended"":false,""feasible"":true,""budget_used"":0.61693,""budget_violation"":0,""makespan"":90.904,""deadline_violation"":0,""machine_signature"":""68ab50be8ff085c8"",""weighted_score"":0.61693,""diversity_score"":3.465517}]"
prism_cc_time,hybrid_homo,3,maddid0000018|maddid0000037|mbackgroundid0000013|mbackgroundid0000014|mbackgroundid0000016|mbackgroundid0000032|mbackgroundid0000033|mbackgroundid0000034|mbackgroundid0000035|mbackgroundid0000052|mbackgroundid0000053|mbackgroundid0000054|mbgmodelid0000050|mconcatfitid0000011|mconcatfitid0000030|mdifffitid0000005|mdifffitid0000010|mdifffitid0000025|mdifffitid0000027|mdifffitid0000029|mdifffitid0000043|mdifffitid0000044|mdifffitid0000048|mimgtblid0000017|mimgtblid0000036|mprojectid0000004|mprojectid0000039|mviewerid0000038|mviewerid0000058,0.200000,90.904000,0.564312,0.747528,110.602640,0.000000,0.000000,true,1.008000,14,387.286000,"{""bora009"":4,""bora010"":2,""h4d-standard-192-5"":31,""h4d-standard-192-6"":21}","{""bora009"":0.00125,""bora010"":0.000819,""h4d-standard-192-5"":0.007565,""h4d-standard-192-6"":0.010772}","[{""rank"":1,""recommended"":true,""feasible"":true,""budget_used"":0.564312,""budget_violation"":0,""makespan"":90.904,""deadline_violation"":0,""machine_signature"":""daba39fb2465c87a"",""weighted_score"":0.928331,""diversity_score"":3.465517},{""rank"":2,""recommended"":false,""feasible"":true,""budget_used"":0.61693,""budget_violation"":0,""makespan"":90.904,""deadline_violation"":0,""machine_signature"":""68ab50be8ff085c8"",""weighted_score"":0.928331,""diversity_score"":3.465517},{""rank"":3,""recommended"":false,""feasible"":true,""budget_used"":0.330828,""budget_violation"":0,""makespan"":97.922,""deadline_violation"":0,""machine_signature"":""67e934203704f2ba"",""weighted_score"":1,""diversity_score"":3.482759}]"
heft_colocation,cloud_hetero,4,maddid0000056|mbackgroundid0000013|mbackgroundid0000016|mbackgroundid0000032|mbackgroundid0000033|mbackgroundid0000034|mbackgroundid0000052|mbackgroundid0000053|mdifffitid0000005|mdifffitid0000006|mdifffitid0000009|mdifffitid0000010|mdifffitid0000027|mdifffitid0000028|mdifffitid0000044|mdifffitid0000045|mdifffitid0000047|mdifffitid0000048|mimgtblid0000036|mimgtblid0000055|mprojectid0000001|mprojectid0000003|mprojectid0000021|mprojectid0000022|mprojectid0000023|mprojectid0000039|mprojectid0000040|mviewerid0000038|mviewerid0000058,0.200000,94.304000,0.697788,0.809118,110.678240,0.000000,0.000000,true,37.498000,26,1.904000,"{""h4d-highmem-192-1"":24,""h4d-standard-192-1"":34}","{""h3-standard-88-1"":0,""h3-standard-88-2"":0,""h4d-highmem-192-1"":0.010059,""h4d-standard-192-1"":0.009699}",[]
prism_cc_cost,cloud_hetero,4,maddid0000056|mbackgroundid0000013|mbackgroundid0000016|mbackgroundid0000032|mbackgroundid0000033|mbackgroundid0000034|mbackgroundid0000052|mbackgroundid0000053|mdifffitid0000005|mdifffitid0000006|mdifffitid0000009|mdifffitid0000010|mdifffitid0000027|mdifffitid0000028|mdifffitid0000044|mdifffitid0000045|mdifffitid0000047|mdifffitid0000048|mimgtblid0000036|mimgtblid0000055|mprojectid0000001|mprojectid0000003|mprojectid0000021|mprojectid0000022|mprojectid0000023|mprojectid0000039|mprojectid0000040|mviewerid0000038|mviewerid0000058,0.200000,106.799000,0.232992,0.809118,110.678240,0.000000,0.000000,true,92.201000,53,345.004000,"{""h4d-standard-192-1"":58}","{""h3-standard-88-1"":0,""h3-standard-88-2"":0,""h4d-highmem-192-1"":0,""h4d-standard-192-1"":0.020115}","[{""rank"":1,""recommended"":true,""feasible"":true,""budget_used"":0.232992,""budget_violation"":0,""makespan"":106.799,""deadline_violation"":0,""machine_signature"":""4025ae3406edfcee"",""weighted_score"":0.232992,""diversity_score"":0},{""rank"":2,""recommended"":false,""feasible"":true,""budget_used"":0.617335,""budget_violation"":0,""makespan"":94.674,""deadline_violation"":0,""machine_signature"":""3e916e4e3f552a2f"",""weighted_score"":0.617335,""diversity_score"":1.413793},{""rank"":3,""recommended"":false,""feasible"":true,""budget_used"":0.697788,""budget_violation"":0,""makespan"":94.304,""deadline_violation"":0,""machine_signature"":""cdcaba75fe5ccfc6"",""weighted_score"":0.697788,""diversity_score"":1.413793}]"
prism_cc_time,cloud_hetero,4,maddid0000056|mbackgroundid0000013|mbackgroundid0000016|mbackgroundid0000032|mbackgroundid0000033|mbackgroundid0000034|mbackgroundid0000052|mbackgroundid0000053|mdifffitid0000005|mdifffitid0000006|mdifffitid0000009|mdifffitid0000010|mdifffitid0000027|mdifffitid0000028|mdifffitid0000044|mdifffitid0000045|mdifffitid0000047|mdifffitid0000048|mimgtblid0000036|mimgtblid0000055|mprojectid0000001|mprojectid0000003|mprojectid0000021|mprojectid0000022|mprojectid0000023|mprojectid0000039|mprojectid0000040|mviewerid0000038|mviewerid0000058,0.200000,94.304000,0.697788,0.809118,110.678240,0.000000,0.000000,true,37.498000,26,345.004000,"{""h4d-highmem-192-1"":24,""h4d-standard-192-1"":34}","{""h3-standard-88-1"":0,""h3-standard-88-2"":0,""h4d-highmem-192-1"":0.010059,""h4d-standard-192-1"":0.009699}","[{""rank"":1,""recommended"":true,""feasible"":true,""budget_used"":0.697788,""budget_violation"":0,""makespan"":94.304,""deadline_violation"":0,""machine_signature"":""cdcaba75fe5ccfc6"",""weighted_score"":0.883005,""diversity_score"":1.413793},{""rank"":2,""recommended"":false,""feasible"":true,""budget_used"":0.617335,""budget_violation"":0,""makespan"":94.674,""deadline_violation"":0,""machine_signature"":""3e916e4e3f552a2f"",""weighted_score"":0.886469,""diversity_score"":1.413793},{""rank"":3,""recommended"":false,""feasible"":true,""budget_used"":0.232992,""budget_violation"":0,""makespan"":106.799,""deadline_violation"":0,""machine_signature"":""4025ae3406edfcee"",""weighted_score"":1,""diversity_score"":0}]"
heft_colocation,cloud_homo,4,maddid0000056|mbackgroundid0000013|mbackgroundid0000016|mbackgroundid0000032|mbackgroundid0000033|mbackgroundid0000034|mbackgroundid0000052|mbackgroundid0000053|mdifffitid0000005|mdifffitid0000006|mdifffitid0000009|mdifffitid0000010|mdifffitid0000027|mdifffitid0000028|mdifffitid0000044|mdifffitid0000045|mdifffitid0000047|mdifffitid0000048|mimgtblid0000036|mimgtblid0000055|mprojectid0000001|mprojectid0000003|mprojectid0000021|mprojectid0000022|mprojectid0000023|mprojectid0000039|mprojectid0000040|mviewerid0000038|mviewerid0000058,0.200000,88.371000,1.114853,1.344726,106.047360,0.000000,0.000000,true,10.628000,6,3.378000,"{""h4d-standard-192-1"":17,""h4d-standard-192-2"":17,""h4d-standard-192-3"":13,""h4d-standard-192-4"":11}","{""h4d-standard-192-1"":0.004534,""h4d-standard-192-2"":0.004621,""h4d-standard-192-3"":0.00444,""h4d-standard-192-4"":0.005907}",[]
prism_cc_cost,cloud_homo,4,maddid0000056|mbackgroundid0000013|mbackgroundid0000016|mbackgroundid0000032|mbackgroundid0000033|mbackgroundid0000034|mbackgroundid0000052|mbackgroundid0000053|mdifffitid0000005|mdifffitid0000006|mdifffitid0000009|mdifffitid0000010|mdifffitid0000027|mdifffitid0000028|mdifffitid0000044|mdifffitid0000045|mdifffitid0000047|mdifffitid0000048|mimgtblid0000036|mimgtblid0000055|mprojectid0000001|mprojectid0000003|mprojectid0000021|mprojectid0000022|mprojectid0000023|mprojectid0000039|mprojectid0000040|mviewerid0000038|mviewerid0000058,0.200000,105.193000,0.229492,1.344726,106.047360,0.000000,0.000000,true,91.778000,53,436.592000,"{""h4d-standard-192-1"":58}","{""h4d-standard-192-1"":0.020401,""h4d-standard-192-2"":0,""h4d-standard-192-3"":0,""h4d-standard-192-4"":0}","[{""rank"":1,""recommended"":true,""feasible"":true,""budget_used"":0.229492,""budget_violation"":0,""makespan"":105.193,""deadline_violation"":0,""machine_signature"":""46aca60ad9c9d0d2"",""weighted_score"":0.20585,""diversity_score"":0},{""rank"":2,""recommended"":false,""feasible"":true,""budget_used"":1.043274,""budget_violation"":0,""makespan"":88.475,""deadline_violation"":0,""machine_signature"":""90446620ab346999"",""weighted_score"":0.935795,""diversity_score"":3.672414},{""rank"":3,""recommended"":false,""feasible"":true,""budget_used"":1.111501,""budget_violation"":0,""makespan"":88.371,""deadline_violation"":0,""machine_signature"":""49ac2dac4754383c"",""weighted_score"":0.996993,""diversity_score"":3.706897},{""rank"":4,""recommended"":false,""feasible"":true,""budget_used"":1.114853,""budget_violation"":0,""makespan"":88.371,""deadline_violation"":0,""machine_signature"":""182423fa77b515a8"",""weighted_score"":1,""diversity_score"":3.706897}]"
prism_cc_time,cloud_homo,4,maddid0000056|mbackgroundid0000013|mbackgroundid0000016|mbackgroundid0000032|mbackgroundid0000033|mbackgroundid0000034|mbackgroundid0000052|mbackgroundid0000053|mdifffitid0000005|mdifffitid0000006|mdifffitid0000009|mdifffitid0000010|mdifffitid0000027|mdifffitid0000028|mdifffitid0000044|mdifffitid0000045|mdifffitid0000047|mdifffitid0000048|mimgtblid0000036|mimgtblid0000055|mprojectid0000001|mprojectid0000003|mprojectid0000021|mprojectid0000022|mprojectid0000023|mprojectid0000039|mprojectid0000040|mviewerid0000038|mviewerid0000058,0.200000,88.371000,1.111501,1.344726,106.047360,0.000000,0.000000,true,10.628000,6,436.592000,"{""h4d-standard-192-1"":16,""h4d-standard-192-2"":17,""h4d-standard-192-3"":13,""h4d-standard-192-4"":12}","{""h4d-standard-192-1"":0.004532,""h4d-standard-192-2"":0.004621,""h4d-standard-192-3"":0.00444,""h4d-standard-192-4"":0.005908}","[{""rank"":1,""recommended"":true,""feasible"":true,""budget_used"":1.111501,""budget_violation"":0,""makespan"":88.371,""deadline_violation"":0,""machine_signature"":""49ac2dac4754383c"",""weighted_score"":0.840084,""diversity_score"":3.706897},{""rank"":2,""recommended"":false,""feasible"":true,""budget_used"":1.114853,""budget_violation"":0,""makespan"":88.371,""deadline_violation"":0,""machine_signature"":""182423fa77b515a8"",""weighted_score"":0.840084,""diversity_score"":3.706897},{""rank"":3,""recommended"":false,""feasible"":true,""budget_used"":1.043274,""budget_violation"":0,""makespan"":88.475,""deadline_violation"":0,""machine_signature"":""90446620ab346999"",""weighted_score"":0.841073,""diversity_score"":3.672414},{""rank"":4,""recommended"":false,""feasible"":true,""budget_used"":0.229492,""budget_violation"":0,""makespan"":105.193,""deadline_violation"":0,""machine_signature"":""46aca60ad9c9d0d2"",""weighted_score"":1,""diversity_score"":0}]"
heft_colocation,cluster_hetero,4,maddid0000056|mbackgroundid0000013|mbackgroundid0000016|mbackgroundid0000032|mbackgroundid0000033|mbackgroundid0000034|mbackgroundid0000052|mbackgroundid0000053|mdifffitid0000005|mdifffitid0000006|mdifffitid0000009|mdifffitid0000010|mdifffitid0000027|mdifffitid0000028|mdifffitid0000044|mdifffitid0000045|mdifffitid0000047|mdifffitid0000048|mimgtblid0000036|mimgtblid0000055|mprojectid0000001|mprojectid0000003|mprojectid0000021|mprojectid0000022|mprojectid0000023|mprojectid0000039|mprojectid0000040|mviewerid0000038|mviewerid0000058,0.200000,302.525000,0.000000,0.000000,346.902440,0.000000,0.000000,true,99.979000,15,0.960000,"{""bora005"":21,""bora006"":20,""diablo01"":10,""diablo02"":7}","{""bora005"":0.08578,""bora006"":0.062217,""diablo01"":0.006256,""diablo02"":0.010639}",[]
prism_cc_cost,cluster_hetero,4,maddid0000056|mbackgroundid0000013|mbackgroundid0000016|mbackgroundid0000032|mbackgroundid0000033|mbackgroundid0000034|mbackgroundid0000052|mbackgroundid0000053|mdifffitid0000005|mdifffitid0000006|mdifffitid0000009|mdifffitid0000010|mdifffitid0000027|mdifffitid0000028|mdifffitid0000044|mdifffitid0000045|mdifffitid0000047|mdifffitid0000048|mimgtblid0000036|mimgtblid0000055|mprojectid0000001|mprojectid0000003|mprojectid0000021|mprojectid0000022|mprojectid0000023|mprojectid0000039|mprojectid0000040|mviewerid0000038|mviewerid0000058,0.200000,302.525000,0.000000,0.000000,346.902440,0.000000,0.000000,true,99.979000,15,152.339000,"{""bora005"":21,""bora006"":20,""diablo01"":10,""diablo02"":7}","{""bora005"":0.08578,""bora006"":0.062217,""diablo01"":0.006256,""diablo02"":0.010639}","[{""rank"":1,""recommended"":true,""feasible"":true,""budget_used"":0,""budget_violation"":0,""makespan"":302.525,""deadline_violation"":0,""machine_signature"":""703cbe14ac75a51e"",""weighted_score"":0,""diversity_score"":3.637931}]"
prism_cc_time,cluster_hetero,4,maddid0000056|mbackgroundid0000013|mbackgroundid0000016|mbackgroundid0000032|mbackgroundid0000033|mbackgroundid0000034|mbackgroundid0000052|mbackgroundid0000053|mdifffitid0000005|mdifffitid0000006|mdifffitid0000009|mdifffitid0000010|mdifffitid0000027|mdifffitid0000028|mdifffitid0000044|mdifffitid0000045|mdifffitid0000047|mdifffitid0000048|mimgtblid0000036|mimgtblid0000055|mprojectid0000001|mprojectid0000003|mprojectid0000021|mprojectid0000022|mprojectid0000023|mprojectid0000039|mprojectid0000040|mviewerid0000038|mviewerid0000058,0.200000,302.525000,0.000000,0.000000,346.902440,0.000000,0.000000,true,99.979000,15,152.339000,"{""bora005"":21,""bora006"":20,""diablo01"":10,""diablo02"":7}","{""bora005"":0.08578,""bora006"":0.062217,""diablo01"":0.006256,""diablo02"":0.010639}","[{""rank"":1,""recommended"":true,""feasible"":true,""budget_used"":0,""budget_violation"":0,""makespan"":302.525,""deadline_violation"":0,""machine_signature"":""703cbe14ac75a51e"",""weighted_score"":1,""diversity_score"":3.637931}]"
heft_colocation,cluster_homo,4,maddid0000056|mbackgroundid0000013|mbackgroundid0000016|mbackgroundid0000032|mbackgroundid0000033|mbackgroundid0000034|mbackgroundid0000052|mbackgroundid0000053|mdifffitid0000005|mdifffitid0000006|mdifffitid0000009|mdifffitid0000010|mdifffitid0000027|mdifffitid0000028|mdifffitid0000044|mdifffitid0000045|mdifffitid0000047|mdifffitid0000048|mimgtblid0000036|mimgtblid0000055|mprojectid0000001|mprojectid0000003|mprojectid0000021|mprojectid0000022|mprojectid0000023|mprojectid0000039|mprojectid0000040|mviewerid0000038|mviewerid0000058,0.200000,281.326000,0.000000,0.000000,337.591200,0.000000,0.000000,true,60.542000,10,0.816000,"{""bora001"":16,""bora002"":17,""bora003"":12,""bora004"":13}","{""bora001"":0.042097,""bora002"":0.043412,""bora003"":0.040657,""bora004"":0.054965}",[]
prism_cc_cost,cluster_homo,4,maddid0000056|mbackgroundid0000013|mbackgroundid0000016|mbackgroundid0000032|mbackgroundid0000033|mbackgroundid0000034|mbackgroundid0000052|mbackgroundid0000053|mdifffitid0000005|mdifffitid0000006|mdifffitid0000009|mdifffitid0000010|mdifffitid0000027|mdifffitid0000028|mdifffitid0000044|mdifffitid0000045|mdifffitid0000047|mdifffitid0000048|mimgtblid0000036|mimgtblid0000055|mprojectid0000001|mprojectid0000003|mprojectid0000021|mprojectid0000022|mprojectid0000023|mprojectid0000039|mprojectid0000040|mviewerid0000038|mviewerid0000058,0.200000,281.326000,0.000000,0.000000,337.591200,0.000000,0.000000,true,60.542000,10,178.785000,"{""bora001"":16,""bora002"":17,""bora003"":12,""bora004"":13}","{""bora001"":0.042097,""bora002"":0.043412,""bora003"":0.040657,""bora004"":0.054965}","[{""rank"":1,""recommended"":true,""feasible"":true,""budget_used"":0,""budget_violation"":0,""makespan"":281.326,""deadline_violation"":0,""machine_signature"":""d01fb6bad8f05b87"",""weighted_score"":0,""diversity_score"":3.706897},{""rank"":2,""recommended"":false,""feasible"":true,""budget_used"":0,""budget_violation"":0,""makespan"":281.725,""deadline_violation"":0,""machine_signature"":""a8c95de9a1b5ff76"",""weighted_score"":0,""diversity_score"":3.724138}]"
prism_cc_time,cluster_homo,4,maddid0000056|mbackgroundid0000013|mbackgroundid0000016|mbackgroundid0000032|mbackgroundid0000033|mbackgroundid0000034|mbackgroundid0000052|mbackgroundid0000053|mdifffitid0000005|mdifffitid0000006|mdifffitid0000009|mdifffitid0000010|mdifffitid0000027|mdifffitid0000028|mdifffitid0000044|mdifffitid0000045|mdifffitid0000047|mdifffitid0000048|mimgtblid0000036|mimgtblid0000055|mprojectid0000001|mprojectid0000003|mprojectid0000021|mprojectid0000022|mprojectid0000023|mprojectid0000039|mprojectid0000040|mviewerid0000038|mviewerid0000058,0.200000,281.326000,0.000000,0.000000,337.591200,0.000000,0.000000,true,60.542000,10,178.785000,"{""bora001"":16,""bora002"":17,""bora003"":12,""bora004"":13}","{""bora001"":0.042097,""bora002"":0.043412,""bora003"":0.040657,""bora004"":0.054965}","[{""rank"":1,""recommended"":true,""feasible"":true,""budget_used"":0,""budget_violation"":0,""makespan"":281.326,""deadline_violation"":0,""machine_signature"":""d01fb6bad8f05b87"",""weighted_score"":0.998584,""diversity_score"":3.706897},{""rank"":2,""recommended"":false,""feasible"":true,""budget_used"":0,""budget_violation"":0,""makespan"":281.725,""deadline_violation"":0,""machine_signature"":""a8c95de9a1b5ff76"",""weighted_score"":1,""diversity_score"":3.724138}]"
heft_colocation,hybrid_hetero,4,maddid0000056|mbackgroundid0000013|mbackgroundid0000016|mbackgroundid0000032|mbackgroundid0000033|mbackgroundid0000034|mbackgroundid0000052|mbackgroundid0000053|mdifffitid0000005|mdifffitid0000006|mdifffitid0000009|mdifffitid0000010|mdifffitid0000027|mdifffitid0000028|mdifffitid0000044|mdifffitid0000045|mdifffitid0000047|mdifffitid0000048|mimgtblid0000036|mimgtblid0000055|mprojectid0000001|mprojectid0000003|mprojectid0000021|mprojectid0000022|mprojectid0000023|mprojectid0000039|mprojectid0000040|mviewerid0000038|mviewerid0000058,0.200000,103.142000,0.557006,0.507908,117.111320,0.049100,0.000000,false,79.516000,34,1.426000,"{""bora011"":2,""diablo03"":1,""h3-standard-88-2"":15,""h4d-standard-192-7"":40}","{""bora011"":0.000494,""diablo03"":0.000187,""h3-standard-88-2"":0.003198,""h4d-standard-192-7"":0.019403}",[]
prism_cc_cost,hybrid_hetero,4,maddid0000056|mbackgroundid0000013|mbackgroundid0000016|mbackgroundid0000032|mbackgroundid0000033|mbackgroundid0000034|mbackgroundid0000052|mbackgroundid0000053|mdifffitid0000005|mdifffitid0000006|mdifffitid0000009|mdifffitid0000010|mdifffitid0000027|mdifffitid0000028|mdifffitid0000044|mdifffitid0000045|mdifffitid0000047|mdifffitid0000048|mimgtblid0000036|mimgtblid0000055|mprojectid0000001|mprojectid0000003|mprojectid0000021|mprojectid0000022|mprojectid0000023|mprojectid0000039|mprojectid0000040|mviewerid0000038|mviewerid0000058,0.200000,110.317000,0.323919,0.507908,117.111320,0.000000,0.000000,true,79.417000,23,361.895000,"{""bora011"":21,""diablo03"":10,""h3-standard-88-2"":8,""h4d-standard-192-7"":19}","{""bora011"":0.008644,""diablo03"":0.002619,""h3-standard-88-2"":0.002609,""h4d-standard-192-7"":0.017801}","[{""rank"":1,""recommended"":true,""feasible"":true,""budget_used"":0.323919,""budget_violation"":0,""makespan"":110.317,""deadline_violation"":0,""machine_signature"":""2d1509aceeb22439"",""weighted_score"":0.323919,""diversity_score"":3.637931},{""rank"":2,""recommended"":false,""feasible"":true,""budget_used"":0.323919,""budget_violation"":0,""makespan"":110.444,""deadline_violation"":0,""machine_signature"":""78d7e2016444fdbe"",""weighted_score"":0.323919,""diversity_score"":3.655172},{""rank"":3,""recommended"":false,""feasible"":true,""budget_used"":0.387296,""budget_violation"":0,""makespan"":103.852,""deadline_violation"":0,""machine_signature"":""24fa86eaac9887f5"",""weighted_score"":0.387296,""diversity_score"":3.396552},{""rank"":4,""recommended"":false,""feasible"":false,""budget_used"":0.557006,""budget_violation"":0.0491,""makespan"":103.142,""deadline_violation"":0,""machine_signature"":""3ba84167f447dfec"",""weighted_score"":0.557006,""diversity_score"":3.310345}]"
prism_cc_time,hybrid_hetero,4,maddid0000056|mbackgroundid0000013|mbackgroundid0000016|mbackgroundid0000032|mbackgroundid0000033|mbackgroundid0000034|mbackgroundid0000052|mbackgroundid0000053|mdifffitid0000005|mdifffitid0000006|mdifffitid0000009|mdifffitid0000010|mdifffitid0000027|mdifffitid0000028|mdifffitid0000044|mdifffitid0000045|mdifffitid0000047|mdifffitid0000048|mimgtblid0000036|mimgtblid0000055|mprojectid0000001|mprojectid0000003|mprojectid0000021|mprojectid0000022|mprojectid0000023|mprojectid0000039|mprojectid0000040|mviewerid0000038|mviewerid0000058,0.200000,103.852000,0.387296,0.507908,117.111320,0.000000,0.000000,true,78.630000,22,361.895000,"{""bora011"":11,""diablo03"":4,""h3-standard-88-2"":8,""h4d-standard-192-7"":35}","{""bora011"":0.00283,""diablo03"":0.001007,""h3-standard-88-2"":0.002772,""h4d-standard-192-7"":0.019207}","[{""rank"":1,""recommended"":true,""feasible"":true,""budget_used"":0.387296,""budget_violation"":0,""makespan"":103.852,""deadline_violation"":0,""machine_signature"":""24fa86eaac9887f5"",""weighted_score"":0.940314,""diversity_score"":3.396552},{""rank"":2,""recommended"":false,""feasible"":true,""budget_used"":0.323919,""budget_violation"":0,""makespan"":110.317,""deadline_violation"":0,""machine_signature"":""2d1509aceeb22439"",""weighted_score"":0.99885,""diversity_score"":3.637931},{""rank"":3,""recommended"":false,""feasible"":true,""budget_used"":0.323919,""budget_violation"":0,""makespan"":110.444,""deadline_violation"":0,""machine_signature"":""78d7e2016444fdbe"",""weighted_score"":1,""diversity_score"":3.655172},{""rank"":4,""recommended"":false,""feasible"":false,""budget_used"":0.557006,""budget_violation"":0.0491,""makespan"":103.142,""deadline_violation"":0,""machine_signature"":""3ba84167f447dfec"",""weighted_score"":0.933885,""diversity_score"":3.310345}]"
heft_colocation,hybrid_homo,4,maddid0000056|mbackgroundid0000013|mbackgroundid0000016|mbackgroundid0000032|mbackgroundid0000033|mbackgroundid0000034|mbackgroundid0000052|mbackgroundid0000053|mdifffitid0000005|mdifffitid0000006|mdifffitid0000009|mdifffitid0000010|mdifffitid0000027|mdifffitid0000028|mdifffitid0000044|mdifffitid0000045|mdifffitid0000047|mdifffitid0000048|mimgtblid0000036|mimgtblid0000055|mprojectid0000001|mprojectid0000003|mprojectid0000021|mprojectid0000022|mprojectid0000023|mprojectid0000039|mprojectid0000040|mviewerid0000038|mviewerid0000058,0.200000,94.227000,0.647761,0.747528,110.602640,0.000000,0.000000,true,37.452000,25,1.875000,"{""bora009"":2,""bora010"":1,""h4d-standard-192-5"":32,""h4d-standard-192-6"":23}","{""bora009"":0.000541,""bora010"":0.000291,""h4d-standard-192-5"":0.009693,""h4d-standard-192-6"":0.010051}",[]
prism_cc_cost,hybrid_homo,4,maddid0000056|mbackgroundid0000013|mbackgroundid0000016|mbackgroundid0000032|mbackgroundid0000033|mbackgroundid0000034|mbackgroundid0000052|mbackgroundid0000053|mdifffitid0000005|mdifffitid0000006|mdifffitid0000009|mdifffitid0000010|mdifffitid0000027|mdifffitid0000028|mdifffitid0000044|mdifffitid0000045|mdifffitid0000047|mdifffitid0000048|mimgtblid0000036|mimgtblid0000055|mprojectid0000001|mprojectid0000003|mprojectid0000021|mprojectid0000022|mprojectid0000023|mprojectid0000039|mprojectid0000040|mviewerid0000038|mviewerid0000058,0.200000,99.687000,0.377239,0.747528,110.602640,0.000000,0.000000,true,37.513000,22,439.706000,"{""bora009"":14,""bora010"":9,""h4d-standard-192-5"":25,""h4d-standard-192-6"":10}","{""bora009"":0.004402,""bora010"":0.004197,""h4d-standard-192-5"":0.009074,""h4d-standard-192-6"":0.009317}","[{""rank"":1,""recommended"":true,""feasible"":true,""budget_used"":0.377239,""budget_violation"":0,""makespan"":99.687,""deadline_violation"":0,""machine_signature"":""ad225559cdcdb294"",""weighted_score"":0.377239,""diversity_score"":3.568966},{""rank"":2,""recommended"":false,""feasible"":true,""budget_used"":0.623311,""budget_violation"":0,""makespan"":94.227,""deadline_violation"":0,""machine_signature"":""a153c69b6449109b"",""weighted_score"":0.623311,""diversity_score"":3.431034},{""rank"":3,""recommended"":false,""feasible"":true,""budget_used"":0.647761,""budget_violation"":0,""makespan"":94.227,""deadline_violation"":0,""machine_signature"":""76939a24e131321d"",""weighted_score"":0.647761,""diversity_score"":3.448276}]"
prism_cc_time,hybrid_homo,4,maddid0000056|mbackgroundid0000013|mbackgroundid0000016|mbackgroundid0000032|mbackgroundid0000033|mbackgroundid0000034|mbackgroundid0000052|mbackgroundid0000053|mdifffitid0000005|mdifffitid0000006|mdifffitid0000009|mdifffitid0000010|mdifffitid0000027|mdifffitid0000028|mdifffitid0000044|mdifffitid0000045|mdifffitid0000047|mdifffitid0000048|mimgtblid0000036|mimgtblid0000055|mprojectid0000001|mprojectid0000003|mprojectid0000021|mprojectid0000022|mprojectid0000023|mprojectid0000039|mprojectid0000040|mviewerid0000038|mviewerid0000058,0.200000,94.227000,0.623311,0.747528,110.602640,0.000000,0.000000,true,37.452000,25,439.706000,"{""bora009"":2,""bora010"":2,""h4d-standard-192-5"":33,""h4d-standard-192-6"":21}","{""bora009"":0.000541,""bora010"":0.000665,""h4d-standard-192-5"":0.009706,""h4d-standard-192-6"":0.010025}","[{""rank"":1,""recommended"":true,""feasible"":true,""budget_used"":0.623311,""budget_violation"":0,""makespan"":94.227,""deadline_violation"":0,""machine_signature"":""a153c69b6449109b"",""weighted_score"":0.945229,""diversity_score"":3.431034},{""rank"":2,""recommended"":false,""feasible"":true,""budget_used"":0.647761,""budget_violation"":0,""makespan"":94.227,""deadline_violation"":0,""machine_signature"":""76939a24e131321d"",""weighted_score"":0.945229,""diversity_score"":3.448276},{""rank"":3,""recommended"":false,""feasible"":true,""budget_used"":0.377239,""budget_violation"":0,""makespan"":99.687,""deadline_violation"":0,""machine_signature"":""ad225559cdcdb294"",""weighted_score"":1,""diversity_score"":3.568966}]"
heft_colocation,cloud_hetero,5,maddid0000037|maddid0000056|mbackgroundid0000013|mbackgroundid0000014|mbackgroundid0000016|mbackgroundid0000033|mbackgroundid0000034|mbackgroundid0000035|mbackgroundid0000051|mbgmodelid0000012|mbgmodelid0000050|mconcatfitid0000011|mconcatfitid0000030|mconcatfitid0000049|mdifffitid0000007|mdifffitid0000024|mdifffitid0000028|mdifffitid0000045|mdifffitid0000048|mimgtblid0000017|mimgtblid0000036|mprojectid0000001|mprojectid0000004|mprojectid0000021|mprojectid0000023|mprojectid0000041|mviewerid0000038|mviewerid0000057|mviewerid0000058,0.200000,90.960000,0.665989,0.809118,110.678240,0.000000,0.000000,true,12.085000,9,2.083000,"{""h4d-highmem-192-1"":25,""h4d-standard-192-1"":33}","{""h3-standard-88-1"":0,""h3-standard-88-2"":0,""h4d-highmem-192-1"":0.011051,""h4d-standard-192-1"":0.007979}",[]
prism_cc_cost,cloud_hetero,5,maddid0000037|maddid0000056|mbackgroundid0000013|mbackgroundid0000014|mbackgroundid0000016|mbackgroundid0000033|mbackgroundid0000034|mbackgroundid0000035|mbackgroundid0000051|mbgmodelid0000012|mbgmodelid0000050|mconcatfitid0000011|mconcatfitid0000030|mconcatfitid0000049|mdifffitid0000007|mdifffitid0000024|mdifffitid0000028|mdifffitid0000045|mdifffitid0000048|mimgtblid0000017|mimgtblid0000036|mprojectid0000001|mprojectid0000004|mprojectid0000021|mprojectid0000023|mprojectid0000041|mviewerid0000038|mviewerid0000057|mviewerid0000058,0.200000,94.519000,0.206209,0.809118,110.678240,0.000000,0.000000,true,34.060000,22,346.946000,"{""h4d-standard-192-1"":58}","{""h3-standard-88-1"":0,""h3-standard-88-2"":0,""h4d-highmem-192-1"":0,""h4d-standard-192-1"":0.019524}","[{""rank"":1,""recommended"":true,""feasible"":true,""budget_used"":0.206209,""budget_violation"":0,""makespan"":94.519,""deadline_violation"":0,""machine_signature"":""4695ec19db5d23e6"",""weighted_score"":0.206209,""diversity_score"":0},{""rank"":2,""recommended"":false,""feasible"":true,""budget_used"":0.66262,""budget_violation"":0,""makespan"":90.96,""deadline_violation"":0,""machine_signature"":""1566ace4e4849c47"",""weighted_score"":0.66262,""diversity_score"":1.448276},{""rank"":3,""recommended"":false,""feasible"":true,""budget_used"":0.665989,""budget_violation"":0,""makespan"":90.96,""deadline_violation"":0,""machine_signature"":""f866341d705459ba"",""weighted_score"":0.665989,""diversity_score"":1.431034}]"
prism_cc_time,cloud_hetero,5,maddid0000037|maddid0000056|mbackgroundid0000013|mbackgroundid0000014|mbackgroundid0000016|mbackgroundid0000033|mbackgroundid0000034|mbackgroundid0000035|mbackgroundid0000051|mbgmodelid0000012|mbgmodelid0000050|mconcatfitid0000011|mconcatfitid0000030|mconcatfitid0000049|mdifffitid0000007|mdifffitid0000024|mdifffitid0000028|mdifffitid0000045|mdifffitid0000048|mimgtblid0000017|mimgtblid0000036|mprojectid0000001|mprojectid0000004|mprojectid0000021|mprojectid0000023|mprojectid0000041|mviewerid0000038|mviewerid0000057|mviewerid0000058,0.200000,90.960000,0.662620,0.809118,110.678240,0.000000,0.000000,true,12.085000,9,346.946000,"{""h4d-highmem-192-1"":26,""h4d-standard-192-1"":32}","{""h3-standard-88-1"":0,""h3-standard-88-2"":0,""h4d-highmem-192-1"":0.011052,""h4d-standard-192-1"":0.007978}","[{""rank"":1,""recommended"":true,""feasible"":true,""budget_used"":0.66262,""budget_violation"":0,""makespan"":90.96,""deadline_violation"":0,""machine_signature"":""1566ace4e4849c47"",""weighted_score"":0.962346,""diversity_score"":1.448276},{""rank"":2,""recommended"":false,""feasible"":true,""budget_used"":0.665989,""budget_violation"":0,""makespan"":90.96,""deadline_violation"":0,""machine_signature"":""f866341d705459ba"",""weighted_score"":0.962346,""diversity_score"":1.431034},{""rank"":3,""recommended"":false,""feasible"":true,""budget_used"":0.206209,""budget_violation"":0,""makespan"":94.519,""deadline_violation"":0,""machine_signature"":""4695ec19db5d23e6"",""weighted_score"":1,""diversity_score"":0}]"
heft_colocation,cloud_homo,5,maddid0000037|maddid0000056|mbackgroundid0000013|mbackgroundid0000014|mbackgroundid0000016|mbackgroundid0000033|mbackgroundid0000034|mbackgroundid0000035|mbackgroundid0000051|mbgmodelid0000012|mbgmodelid0000050|mconcatfitid0000011|mconcatfitid0000030|mconcatfitid0000049|mdifffitid0000007|mdifffitid0000024|mdifffitid0000028|mdifffitid0000045|mdifffitid0000048|mimgtblid0000017|mimgtblid0000036|mprojectid0000001|mprojectid0000004|mprojectid0000021|mprojectid0000023|mprojectid0000041|mviewerid0000038|mviewerid0000057|mviewerid0000058,0.200000,88.371000,1.122007,1.344726,106.047360,0.000000,0.000000,true,1.970000,3,3.693000,"{""h4d-standard-192-1"":18,""h4d-standard-192-2"":12,""h4d-standard-192-3"":16,""h4d-standard-192-4"":12}","{""h4d-standard-192-1"":0.004384,""h4d-standard-192-2"":0.004223,""h4d-standard-192-3"":0.004465,""h4d-standard-192-4"":0.005919}",[]
prism_cc_cost,cloud_homo,5,maddid0000037|maddid0000056|mbackgroundid0000013|mbackgroundid0000014|mbackgroundid0000016|mbackgroundid0000033|mbackgroundid0000034|mbackgroundid0000035|mbackgroundid0000051|mbgmodelid0000012|mbgmodelid0000050|mconcatfitid0000011|mconcatfitid0000030|mconcatfitid0000049|mdifffitid0000007|mdifffitid0000024|mdifffitid0000028|mdifffitid0000045|mdifffitid0000048|mimgtblid0000017|mimgtblid0000036|mprojectid0000001|mprojectid0000004|mprojectid0000021|mprojectid0000023|mprojectid0000041|mviewerid0000038|mviewerid0000057|mviewerid0000058,0.200000,92.879000,0.202629,1.344726,106.047360,0.000000,0.000000,true,34.208000,25,406.353000,"{""h4d-standard-192-1"":58}","{""h4d-standard-192-1"":0.019877,""h4d-standard-192-2"":0,""h4d-standard-192-3"":0,""h4d-standard-192-4"":0}","[{""rank"":1,""recommended"":true,""feasible"":true,""budget_used"":0.202629,""budget_violation"":0,""makespan"":92.879,""deadline_violation"":0,""machine_signature"":""e2f022aeb9c43630"",""weighted_score"":0.180595,""diversity_score"":0},{""rank"":2,""recommended"":false,""feasible"":true,""budget_used"":1.118659,""budget_violation"":0,""makespan"":88.371,""deadline_violation"":0,""machine_signature"":""5058ffdf8d1a0308"",""weighted_score"":0.997016,""diversity_score"":3.706897},{""rank"":3,""recommended"":false,""feasible"":true,""budget_used"":1.122007,""budget_violation"":0,""makespan"":88.371,""deadline_violation"":0,""machine_signature"":""dbe94586bbc70b81"",""weighted_score"":1,""diversity_score"":3.689655}]"
prism_cc_time,cloud_homo,5,maddid0000037|maddid0000056|mbackgroundid0000013|mbackgroundid0000014|mbackgroundid0000016|mbackgroundid0000033|mbackgroundid0000034|mbackgroundid0000035|mbackgroundid0000051|mbgmodelid0000012|mbgmodelid0000050|mconcatfitid0000011|mconcatfitid0000030|mconcatfitid0000049|mdifffitid0000007|mdifffitid0000024|mdifffitid0000028|mdifffitid0000045|mdifffitid0000048|mimgtblid0000017|mimgtblid0000036|mprojectid0000001|mprojectid0000004|mprojectid0000021|mprojectid0000023|mprojectid0000041|mviewerid0000038|mviewerid0000057|mviewerid0000058,0.200000,88.371000,1.118659,1.344726,106.047360,0.000000,0.000000,true,1.970000,3,406.353000,"{""h4d-standard-192-1"":17,""h4d-standard-192-2"":12,""h4d-standard-192-3"":16,""h4d-standard-192-4"":13}","{""h4d-standard-192-1"":0.004383,""h4d-standard-192-2"":0.004223,""h4d-standard-192-3"":0.004465,""h4d-standard-192-4"":0.005921}","[{""rank"":1,""recommended"":true,""feasible"":true,""budget_used"":1.118659,""budget_violation"":0,""makespan"":88.371,""deadline_violation"":0,""machine_signature"":""5058ffdf8d1a0308"",""weighted_score"":0.951464,""diversity_score"":3.706897},{""rank"":2,""recommended"":false,""feasible"":true,""budget_used"":1.122007,""budget_violation"":0,""makespan"":88.371,""deadline_violation"":0,""machine_signature"":""dbe94586bbc70b81"",""weighted_score"":0.951464,""diversity_score"":3.689655},{""rank"":3,""recommended"":false,""feasible"":true,""budget_used"":0.202629,""budget_violation"":0,""makespan"":92.879,""deadline_violation"":0,""machine_signature"":""e2f022aeb9c43630"",""weighted_score"":1,""diversity_score"":0}]"
heft_colocation,cluster_hetero,5,maddid0000037|maddid0000056|mbackgroundid0000013|mbackgroundid0000014|mbackgroundid0000016|mbackgroundid0000033|mbackgroundid0000034|mbackgroundid0000035|mbackgroundid0000051|mbgmodelid0000012|mbgmodelid0000050|mconcatfitid0000011|mconcatfitid0000030|mconcatfitid0000049|mdifffitid0000007|mdifffitid0000024|mdifffitid0000028|mdifffitid0000045|mdifffitid0000048|mimgtblid0000017|mimgtblid0000036|mprojectid0000001|mprojectid0000004|mprojectid0000021|mprojectid0000023|mprojectid0000041|mviewerid0000038|mviewerid0000057|mviewerid0000058,0.200000,281.883000,0.000000,0.000000,346.902440,0.000000,0.000000,true,46.269000,6,0.944000,"{""bora005"":19,""bora006"":28,""diablo01"":5,""diablo02"":6}","{""bora005"":0.097123,""bora006"":0.076016,""diablo01"":0.003806,""diablo02"":0.000566}",[]
prism_cc_cost,cluster_hetero,5,maddid0000037|maddid0000056|mbackgroundid0000013|mbackgroundid0000014|mbackgroundid0000016|mbackgroundid0000033|mbackgroundid0000034|mbackgroundid0000035|mbackgroundid0000051|mbgmodelid0000012|mbgmodelid0000050|mconcatfitid0000011|mconcatfitid0000030|mconcatfitid0000049|mdifffitid0000007|mdifffitid0000024|mdifffitid0000028|mdifffitid0000045|mdifffitid0000048|mimgtblid0000017|mimgtblid0000036|mprojectid0000001|mprojectid0000004|mprojectid0000021|mprojectid0000023|mprojectid0000041|mviewerid0000038|mviewerid0000057|mviewerid0000058,0.200000,281.883000,0.000000,0.000000,346.902440,0.000000,0.000000,true,46.269000,6,163.830000,"{""bora005"":19,""bora006"":28,""diablo01"":5,""diablo02"":6}","{""bora005"":0.097123,""bora006"":0.076016,""diablo01"":0.003806,""diablo02"":0.000566}","[{""rank"":1,""recommended"":true,""feasible"":true,""budget_used"":0,""budget_violation"":0,""makespan"":281.883,""deadline_violation"":0,""machine_signature"":""51e84cbd4e5d9def"",""weighted_score"":0,""diversity_score"":3.517241},{""rank"":2,""recommended"":false,""feasible"":true,""budget_used"":0,""budget_violation"":0,""makespan"":281.883,""deadline_violation"":0,""machine_signature"":""6a8e09e57c936fc2"",""weighted_score"":0,""diversity_score"":3.5}]"
prism_cc_time,cluster_hetero,5,maddid0000037|maddid0000056|mbackgroundid0000013|mbackgroundid0000014|mbackgroundid0000016|mbackgroundid0000033|mbackgroundid0000034|mbackgroundid0000035|mbackgroundid0000051|mbgmodelid0000012|mbgmodelid0000050|mconcatfitid0000011|mconcatfitid0000030|mconcatfitid0000049|mdifffitid0000007|mdifffitid0000024|mdifffitid0000028|mdifffitid0000045|mdifffitid0000048|mimgtblid0000017|mimgtblid0000036|mprojectid0000001|mprojectid0000004|mprojectid0000021|mprojectid0000023|mprojectid0000041|mviewerid0000038|mviewerid0000057|mviewerid0000058,0.200000,281.883000,0.000000,0.000000,346.902440,0.000000,0.000000,true,46.269000,6,163.830000,"{""bora005"":19,""bora006"":28,""diablo01"":5,""diablo02"":6}","{""bora005"":0.097123,""bora006"":0.076016,""diablo01"":0.003806,""diablo02"":0.000566}","[{""rank"":1,""recommended"":true,""feasible"":true,""budget_used"":0,""budget_violation"":0,""makespan"":281.883,""deadline_violation"":0,""machine_signature"":""51e84cbd4e5d9def"",""weighted_score"":1,""diversity_score"":3.517241},{""rank"":2,""recommended"":false,""feasible"":true,""budget_used"":0,""budget_violation"":0,""makespan"":281.883,""deadline_violation"":0,""machine_signature"":""6a8e09e57c936fc2"",""weighted_score"":1,""diversity_score"":3.5}]"
heft_colocation,cluster_homo,5,maddid0000037|maddid0000056|mbackgroundid0000013|mbackgroundid0000014|mbackgroundid0000016|mbackgroundid0000033|mbackgroundid0000034|mbackgroundid0000035|mbackgroundid0000051|mbgmodelid0000012|mbgmodelid0000050|mconcatfitid0000011|mconcatfitid0000030|mconcatfitid0000049|mdifffitid0000007|mdifffitid0000024|mdifffitid0000028|mdifffitid0000045|mdifffitid0000048|mimgtblid0000017|mimgtblid0000036|mprojectid0000001|mprojectid0000004|mprojectid0000021|mprojectid0000023|mprojectid0000041|mviewerid0000038|mviewerid0000057|mviewerid0000058,0.200000,281.326000,0.000000,0.000000,337.591200,0.000000,0.000000,true,11.767000,5,0.799000,"{""bora001"":16,""bora002"":18,""bora003"":12,""bora004"":12}","{""bora001"":0.040668,""bora002"":0.04015,""bora003"":0.040724,""bora004"":0.054773}",[]
prism_cc_cost,cluster_homo,5,maddid0000037|maddid0000056|mbackgroundid0000013|mbackgroundid0000014|mbackgroundid0000016|mbackgroundid0000033|mbackgroundid0000034|mbackgroundid0000035|mbackgroundid0000051|mbgmodelid0000012|mbgmodelid0000050|mconcatfitid0000011|mconcatfitid0000030|mconcatfitid0000049|mdifffitid0000007|mdifffitid0000024|mdifffitid0000028|mdifffitid0000045|mdifffitid0000048|mimgtblid0000017|mimgtblid0000036|mprojectid0000001|mprojectid0000004|mprojectid0000021|mprojectid0000023|mprojectid0000041|mviewerid0000038|mviewerid0000057|mviewerid0000058,0.200000,281.326000,0.000000,0.000000,337.591200,0.000000,0.000000,true,11.767000,5,153.628000,"{""bora001"":16,""bora002"":18,""bora003"":12,""bora004"":12}","{""bora001"":0.040668,""bora002"":0.04015,""bora003"":0.040724,""bora004"":0.054773}","[{""rank"":1,""recommended"":true,""feasible"":true,""budget_used"":0,""budget_violation"":0,""makespan"":281.326,""deadline_violation"":0,""machine_signature"":""11cbb83e740068e8"",""weighted_score"":0,""diversity_score"":3.689655},{""rank"":2,""recommended"":false,""feasible"":true,""budget_used"":0,""budget_violation"":0,""makespan"":281.326,""deadline_violation"":0,""machine_signature"":""b969b114fdd03ec5"",""weighted_score"":0,""diversity_score"":3.672414}]"
prism_cc_time,cluster_homo,5,maddid0000037|maddid0000056|mbackgroundid0000013|mbackgroundid0000014|mbackgroundid0000016|mbackgroundid0000033|mbackgroundid0000034|mbackgroundid0000035|mbackgroundid0000051|mbgmodelid0000012|mbgmodelid0000050|mconcatfitid0000011|mconcatfitid0000030|mconcatfitid0000049|mdifffitid0000007|mdifffitid0000024|mdifffitid0000028|mdifffitid0000045|mdifffitid0000048|mimgtblid0000017|mimgtblid0000036|mprojectid0000001|mprojectid0000004|mprojectid0000021|mprojectid0000023|mprojectid0000041|mviewerid0000038|mviewerid0000057|mviewerid0000058,0.200000,281.326000,0.000000,0.000000,337.591200,0.000000,0.000000,true,11.767000,5,153.628000,"{""bora001"":16,""bora002"":18,""bora003"":12,""bora004"":12}","{""bora001"":0.040668,""bora002"":0.04015,""bora003"":0.040724,""bora004"":0.054773}","[{""rank"":1,""recommended"":true,""feasible"":true,""budget_used"":0,""budget_violation"":0,""makespan"":281.326,""deadline_violation"":0,""machine_signature"":""11cbb83e740068e8"",""weighted_score"":1,""diversity_score"":3.689655},{""rank"":2,""recommended"":false,""feasible"":true,""budget_used"":0,""budget_violation"":0,""makespan"":281.326,""deadline_violation"":0,""machine_signature"":""b969b114fdd03ec5"",""weighted_score"":1,""diversity_score"":3.672414}]"
heft_colocation,hybrid_hetero,5,maddid0000037|maddid0000056|mbackgroundid0000013|mbackgroundid0000014|mbackgroundid0000016|mbackgroundid0000033|mbackgroundid0000034|mbackgroundid0000035|mbackgroundid0000051|mbgmodelid0000012|mbgmodelid0000050|mconcatfitid0000011|mconcatfitid0000030|mconcatfitid0000049|mdifffitid0000007|mdifffitid0000024|mdifffitid0000028|mdifffitid0000045|mdifffitid0000048|mimgtblid0000017|mimgtblid0000036|mprojectid0000001|mprojectid0000004|mprojectid0000021|mprojectid0000023|mprojectid0000041|mviewerid0000038|mviewerid0000057|mviewerid0000058,0.200000,92.184000,0.201104,0.507908,117.111320,0.000000,0.000000,true,34.132000,24,1.456000,"{""bora011"":5,""diablo03"":1,""h4d-standard-192-7"":52}","{""bora011"":0.000638,""diablo03"":0.000209,""h3-standard-88-2"":0,""h4d-standard-192-7"":0.019991}",[]
prism_cc_cost,hybrid_hetero,5,maddid0000037|maddid0000056|mbackgroundid0000013|mbackgroundid0000014|mbackgroundid0000016|mbackgroundid0000033|mbackgroundid0000034|mbackgroundid0000035|mbackgroundid0000051|mbgmodelid0000012|mbgmodelid0000050|mconcatfitid0000011|mconcatfitid0000030|mconcatfitid0000049|mdifffitid0000007|mdifffitid0000024|mdifffitid0000028|mdifffitid0000045|mdifffitid0000048|mimgtblid0000017|mimgtblid0000036|mprojectid0000001|mprojectid0000004|mprojectid0000021|mprojectid0000023|mprojectid0000041|mviewerid0000038|mviewerid0000057|mviewerid0000058,0.200000,100.294000,0.161606,0.507908,117.111320,0.000000,0.000000,true,34.132000,24,309.674000,"{""bora011"":11,""diablo03"":8,""h4d-standard-192-7"":39}","{""bora011"":0.002695,""diablo03"":0.002715,""h3-standard-88-2"":0,""h4d-standard-192-7"":0.018182}","[{""rank"":1,""recommended"":true,""feasible"":true,""budget_used"":0.161606,""budget_violation"":0,""makespan"":100.294,""deadline_violation"":0,""machine_signature"":""58acc66f22ad4a7c"",""weighted_score"":0.161606,""diversity_score"":2.327586},{""rank"":2,""recommended"":false,""feasible"":true,""budget_used"":0.201104,""budget_violation"":0,""makespan"":92.184,""deadline_violation"":0,""machine_signature"":""4fe3353738121743"",""weighted_score"":0.201104,""diversity_score"":2.103448}]"
prism_cc_time,hybrid_hetero,5,maddid0000037|maddid0000056|mbackgroundid0000013|mbackgroundid0000014|mbackgroundid0000016|mbackgroundid0000033|mbackgroundid0000034|mbackgroundid0000035|mbackgroundid0000051|mbgmodelid0000012|mbgmodelid0000050|mconcatfitid0000011|mconcatfitid0000030|mconcatfitid0000049|mdifffitid0000007|mdifffitid0000024|mdifffitid0000028|mdifffitid0000045|mdifffitid0000048|mimgtblid0000017|mimgtblid0000036|mprojectid0000001|mprojectid0000004|mprojectid0000021|mprojectid0000023|mprojectid0000041|mviewerid0000038|mviewerid0000057|mviewerid0000058,0.200000,92.184000,0.201104,0.507908,117.111320,0.000000,0.000000,true,34.132000,24,309.674000,"{""bora011"":5,""diablo03"":1,""h4d-standard-192-7"":52}","{""bora011"":0.000638,""diablo03"":0.000209,""h3-standard-88-2"":0,""h4d-standard-192-7"":0.019991}","[{""rank"":1,""recommended"":true,""feasible"":true,""budget_used"":0.201104,""budget_violation"":0,""makespan"":92.184,""deadline_violation"":0,""machine_signature"":""4fe3353738121743"",""weighted_score"":0.919138,""diversity_score"":2.103448},{""rank"":2,""recommended"":false,""feasible"":true,""budget_used"":0.161606,""budget_violation"":0,""makespan"":100.294,""deadline_violation"":0,""machine_signature"":""58acc66f22ad4a7c"",""weighted_score"":1,""diversity_score"":2.327586}]"
heft_colocation,hybrid_homo,5,maddid0000037|maddid0000056|mbackgroundid0000013|mbackgroundid0000014|mbackgroundid0000016|mbackgroundid0000033|mbackgroundid0000034|mbackgroundid0000035|mbackgroundid0000051|mbgmodelid0000012|mbgmodelid0000050|mconcatfitid0000011|mconcatfitid0000030|mconcatfitid0000049|mdifffitid0000007|mdifffitid0000024|mdifffitid0000028|mdifffitid0000045|mdifffitid0000048|mimgtblid0000017|mimgtblid0000036|mprojectid0000001|mprojectid0000004|mprojectid0000021|mprojectid0000023|mprojectid0000041|mviewerid0000038|mviewerid0000057|mviewerid0000058,0.200000,90.904000,0.616939,0.747528,110.602640,0.000000,0.000000,true,12.086000,9,1.672000,"{""bora009"":2,""bora010"":1,""h4d-standard-192-5"":31,""h4d-standard-192-6"":24}","{""bora009"":0.00056,""bora010"":0.000302,""h4d-standard-192-5"":0.007973,""h4d-standard-192-6"":0.01104}",[]
prism_cc_cost,hybrid_homo,5,maddid0000037|maddid0000056|mbackgroundid0000013|mbackgroundid0000014|mbackgroundid0000016|mbackgroundid0000033|mbackgroundid0000034|mbackgroundid0000035|mbackgroundid0000051|mbgmodelid0000012|mbgmodelid0000050|mconcatfitid0000011|mconcatfitid0000030|mconcatfitid0000049|mdifffitid0000007|mdifffitid0000024|mdifffitid0000028|mdifffitid0000045|mdifffitid0000048|mimgtblid0000017|mimgtblid0000036|mprojectid0000001|mprojectid0000004|mprojectid0000021|mprojectid0000023|mprojectid0000041|mviewerid0000038|mviewerid0000057|mviewerid0000058,0.200000,104.845000,0.251251,0.747528,110.602640,0.000000,0.000000,true,21.280000,12,359.986000,"{""bora009"":16,""bora010"":21,""h4d-standard-192-5"":20,""h4d-standard-192-6"":1}","{""bora009"":0.006876,""bora010"":0.011643,""h4d-standard-192-5"":0.014072,""h4d-standard-192-6"":0.002109}","[{""rank"":1,""recommended"":true,""feasible"":true,""budget_used"":0.251251,""budget_violation"":0,""makespan"":104.845,""deadline_violation"":0,""machine_signature"":""2fa2d4ab190ad495"",""weighted_score"":0.251251,""diversity_score"":3.637931},{""rank"":2,""recommended"":false,""feasible"":true,""budget_used"":0.378791,""budget_violation"":0,""makespan"":91.748,""deadline_violation"":0,""machine_signature"":""158ba4f29be628c0"",""weighted_score"":0.378791,""diversity_score"":3.448276},{""rank"":3,""recommended"":false,""feasible"":true,""budget_used"":0.607998,""budget_violation"":0,""makespan"":90.904,""deadline_violation"":0,""machine_signature"":""33622a8d8eda3466"",""weighted_score"":0.607998,""diversity_score"":3.482759},{""rank"":4,""recommended"":false,""feasible"":true,""budget_used"":0.616939,""budget_violation"":0,""makespan"":90.904,""deadline_violation"":0,""machine_signature"":""8abd5bb6ebb6ae44"",""weighted_score"":0.616939,""diversity_score"":3.465517}]"
prism_cc_time,hybrid_homo,5,maddid0000037|maddid0000056|mbackgroundid0000013|mbackgroundid0000014|mbackgroundid0000016|mbackgroundid0000033|mbackgroundid0000034|mbackgroundid0000035|mbackgroundid0000051|mbgmodelid0000012|mbgmodelid0000050|mconcatfitid0000011|mconcatfitid0000030|mconcatfitid0000049|mdifffitid0000007|mdifffitid0000024|mdifffitid0000028|mdifffitid0000045|mdifffitid0000048|mimgtblid0000017|mimgtblid0000036|mprojectid0000001|mprojectid0000004|mprojectid0000021|mprojectid0000023|mprojectid0000041|mviewerid0000038|mviewerid0000057|mviewerid0000058,0.200000,90.904000,0.607998,0.747528,110.602640,0.000000,0.000000,true,12.086000,9,359.986000,"{""bora009"":3,""bora010"":1,""h4d-standard-192-5"":30,""h4d-standard-192-6"":24}","{""bora009"":0.000604,""bora010"":0.000302,""h4d-standard-192-5"":0.007971,""h4d-standard-192-6"":0.01104}","[{""rank"":1,""recommended"":true,""feasible"":true,""budget_used"":0.607998,""budget_violation"":0,""makespan"":90.904,""deadline_violation"":0,""machine_signature"":""33622a8d8eda3466"",""weighted_score"":0.867032,""diversity_score"":3.482759},{""rank"":2,""recommended"":false,""feasible"":true,""budget_used"":0.616939,""budget_violation"":0,""makespan"":90.904,""deadline_violation"":0,""machine_signature"":""8abd5bb6ebb6ae44"",""weighted_score"":0.867032,""diversity_score"":3.465517},{""rank"":3,""recommended"":false,""feasible"":true,""budget_used"":0.378791,""budget_violation"":0,""makespan"":91.748,""deadline_violation"":0,""machine_signature"":""158ba4f29be628c0"",""weighted_score"":0.875082,""diversity_score"":3.448276},{""rank"":4,""recommended"":false,""feasible"":true,""budget_used"":0.251251,""budget_violation"":0,""makespan"":104.845,""deadline_violation"":0,""machine_signature"":""2fa2d4ab190ad495"",""weighted_score"":1,""diversity_score"":3.637931}]"
heft_colocation,cloud_hetero,6,maddid0000018|maddid0000056|mbackgroundid0000013|mbackgroundid0000016|mbackgroundid0000033|mbackgroundid0000034|mbackgroundid0000035|mbackgroundid0000053|mbgmodelid0000031|mconcatfitid0000030|mdifffitid0000005|mdifffitid0000007|mdifffitid0000008|mdifffitid0000009|mdifffitid0000010|mdifffitid0000024|mdifffitid0000025|mdifffitid0000027|mdifffitid0000028|mdifffitid0000045|mdifffitid0000046|mdifffitid0000048|mprojectid0000002|mprojectid0000004|mprojectid0000039|mprojectid0000040|mprojectid0000041|mviewerid0000019|mviewerid0000057,0.200000,90.960000,0.663467,0.809118,110.678240,0.000000,0.000000,true,13.587000,21,1.940000,"{""h4d-highmem-192-1"":26,""h4d-standard-192-1"":32}","{""h3-standard-88-1"":0,""h3-standard-88-2"":0,""h4d-highmem-192-1"":0.011078,""h4d-standard-192-1"":0.008038}",[]
prism_cc_cost,cloud_hetero,6,maddid0000018|maddid0000056|mbackgroundid0000013|mbackgroundid0000016|mbackgroundid0000033|mbackgroundid0000034|mbackgroundid0000035|mbackgroundid0000053|mbgmodelid0000031|mconcatfitid0000030|mdifffitid0000005|mdifffitid0000007|mdifffitid0000008|mdifffitid0000009|mdifffitid0000010|mdifffitid0000024|mdifffitid0000025|mdifffitid0000027|mdifffitid0000028|mdifffitid0000045|mdifffitid0000046|mdifffitid0000048|mprojectid0000002|mprojectid0000004|mprojectid0000039|mprojectid0000040|mprojectid0000041|mviewerid0000019|mviewerid0000057,0.200000,98.895000,0.215747,0.809118,110.678240,0.000000,0.000000,true,39.786000,56,346.380000,"{""h4d-standard-192-1"":58}","{""h3-standard-88-1"":0,""h3-standard-88-2"":0,""h4d-highmem-192-1"":0,""h4d-standard-192-1"":0.018962}","[{""rank"":1,""recommended"":true,""feasible"":true,""budget_used"":0.215747,""budget_violation"":0,""makespan"":98.895,""deadline_violation"":0,""machine_signature"":""d57b7e21efad6bbf"",""weighted_score"":0.215747,""diversity_score"":0},{""rank"":2,""recommended"":false,""feasible"":true,""budget_used"":0.618081,""budget_violation"":0,""makespan"":90.96,""deadline_violation"":0,""machine_signature"":""d5491af73d6ca018"",""weighted_score"":0.618081,""diversity_score"":1.448276},{""rank"":3,""recommended"":false,""feasible"":true,""budget_used"":0.663467,""budget_violation"":0,""makespan"":90.96,""deadline_violation"":0,""machine_signature"":""cda3f4af422a54ef"",""weighted_score"":0.663467,""diversity_score"":1.448276}]"
prism_cc_time,cloud_hetero,6,maddid0000018|maddid0000056|mbackgroundid0000013|mbackgroundid0000016|mbackgroundid0000033|mbackgroundid0000034|mbackgroundid0000035|mbackgroundid0000053|mbgmodelid0000031|mconcatfitid0000030|mdifffitid0000005|mdifffitid0000007|mdifffitid0000008|mdifffitid0000009|mdifffitid0000010|mdifffitid0000024|mdifffitid0000025|mdifffitid0000027|mdifffitid0000028|mdifffitid0000045|mdifffitid0000046|mdifffitid0000048|mprojectid0000002|mprojectid0000004|mprojectid0000039|mprojectid0000040|mprojectid0000041|mviewerid0000019|mviewerid0000057,0.200000,90.960000,0.618081,0.809118,110.678240,0.000000,0.000000,true,13.587000,21,346.380000,"{""h4d-highmem-192-1"":26,""h4d-standard-192-1"":32}","{""h3-standard-88-1"":0,""h3-standard-88-2"":0,""h4d-highmem-192-1"":0.011072,""h4d-standard-192-1"":0.008044}","[{""rank"":1,""recommended"":true,""feasible"":true,""budget_used"":0.618081,""budget_violation"":0,""makespan"":90.96,""deadline_violation"":0,""machine_signature"":""d5491af73d6ca018"",""weighted_score"":0.919763,""diversity_score"":1.448276},{""rank"":2,""recommended"":false,""feasible"":true,""budget_used"":0.663467,""budget_violation"":0,""makespan"":90.96,""deadline_violation"":0,""machine_signature"":""cda3f4af422a54ef"",""weighted_score"":0.919763,""diversity_score"":1.448276},{""rank"":3,""recommended"":false,""feasible"":true,""budget_used"":0.215747,""budget_violation"":0,""makespan"":98.895,""deadline_violation"":0,""machine_signature"":""d57b7e21efad6bbf"",""weighted_score"":1,""diversity_score"":0}]"
heft_colocation,cloud_homo,6,maddid0000018|maddid0000056|mbackgroundid0000013|mbackgroundid0000016|mbackgroundid0000033|mbackgroundid0000034|mbackgroundid0000035|mbackgroundid0000053|mbgmodelid0000031|mconcatfitid0000030|mdifffitid0000005|mdifffitid0000007|mdifffitid0000008|mdifffitid0000009|mdifffitid0000010|mdifffitid0000024|mdifffitid0000025|mdifffitid0000027|mdifffitid0000028|mdifffitid0000045|mdifffitid0000046|mdifffitid0000048|mprojectid0000002|mprojectid0000004|mprojectid0000039|mprojectid0000040|mprojectid0000041|mviewerid0000019|mviewerid0000057,0.200000,88.371000,1.127385,1.344726,106.047360,0.000000,0.000000,true,2.984000,12,3.090000,"{""h4d-standard-192-1"":19,""h4d-standard-192-2"":13,""h4d-standard-192-3"":15,""h4d-standard-192-4"":11}","{""h4d-standard-192-1"":0.005621,""h4d-standard-192-2"":0.005485,""h4d-standard-192-3"":0.00315,""h4d-standard-192-4"":0.004796}",[]
prism_cc_cost,cloud_homo,6,maddid0000018|maddid0000056|mbackgroundid0000013|mbackgroundid0000016|mbackgroundid0000033|mbackgroundid0000034|mbackgroundid0000035|mbackgroundid0000053|mbgmodelid0000031|mconcatfitid0000030|mdifffitid0000005|mdifffitid0000007|mdifffitid0000008|mdifffitid0000009|mdifffitid0000010|mdifffitid0000024|mdifffitid0000025|mdifffitid0000027|mdifffitid0000028|mdifffitid0000045|mdifffitid0000046|mdifffitid0000048|mprojectid0000002|mprojectid0000004|mprojectid0000039|mprojectid0000040|mprojectid0000041|mviewerid0000019|mviewerid0000057,0.200000,97.365000,0.212409,1.344726,106.047360,0.000000,0.000000,true,39.293000,50,429.436000,"{""h4d-standard-192-1"":58}","{""h4d-standard-192-1"":0.019234,""h4d-standard-192-2"":0,""h4d-standard-192-3"":0,""h4d-standard-192-4"":0}","[{""rank"":1,""recommended"":true,""feasible"":true,""budget_used"":0.212409,""budget_violation"":0,""makespan"":97.365,""deadline_violation"":0,""machine_signature"":""64e73a28e90a3c93"",""weighted_score"":0.188409,""diversity_score"":0},{""rank"":2,""recommended"":false,""feasible"":true,""budget_used"":0.769537,""budget_violation"":0,""makespan"":88.924,""deadline_violation"":0,""machine_signature"":""9f3c002a606ef860"",""weighted_score"":0.682586,""diversity_score"":2.5},{""rank"":3,""recommended"":false,""feasible"":true,""budget_used"":1.124035,""budget_violation"":0,""makespan"":88.371,""deadline_violation"":0,""machine_signature"":""f617ea2439d41424"",""weighted_score"":0.997029,""diversity_score"":3.689655},{""rank"":4,""recommended"":false,""feasible"":true,""budget_used"":1.127385,""budget_violation"":0,""makespan"":88.371,""deadline_violation"":0,""machine_signature"":""338da58ba84a283c"",""weighted_score"":1,""diversity_score"":3.672414}]"
prism_cc_time,cloud_homo,6,maddid0000018|maddid0000056|mbackgroundid0000013|mbackgroundid0000016|mbackgroundid0000033|mbackgroundid0000034|mbackgroundid0000035|mbackgroundid0000053|mbgmodelid0000031|mconcatfitid0000030|mdifffitid0000005|mdifffitid0000007|mdifffitid0000008|mdifffitid0000009|mdifffitid0000010|mdifffitid0000024|mdifffitid0000025|mdifffitid0000027|mdifffitid0000028|mdifffitid0000045|mdifffitid0000046|mdifffitid0000048|mprojectid0000002|mprojectid0000004|mprojectid0000039|mprojectid0000040|mprojectid0000041|mviewerid0000019|mviewerid0000057,0.200000,88.371000,1.124035,1.344726,106.047360,0.000000,0.000000,true,2.984000,12,429.436000,"{""h4d-standard-192-1"":18,""h4d-standard-192-2"":13,""h4d-standard-192-3"":15,""h4d-standard-192-4"":12}","{""h4d-standard-192-1"":0.005619,""h4d-standard-192-2"":0.005485,""h4d-standard-192-3"":0.00315,""h4d-standard-192-4"":0.004798}","[{""rank"":1,""recommended"":true,""feasible"":true,""budget_used"":1.124035,""budget_violation"":0,""makespan"":88.371,""deadline_violation"":0,""machine_signature"":""f617ea2439d41424"",""weighted_score"":0.907626,""diversity_score"":3.689655},{""rank"":2,""recommended"":false,""feasible"":true,""budget_used"":1.127385,""budget_violation"":0,""makespan"":88.371,""deadline_violation"":0,""machine_signature"":""338da58ba84a283c"",""weighted_score"":0.907626,""diversity_score"":3.672414},{""rank"":3,""recommended"":false,""feasible"":true,""budget_used"":0.769537,""budget_violation"":0,""makespan"":88.924,""deadline_violation"":0,""machine_signature"":""9f3c002a606ef860"",""weighted_score"":0.913306,""diversity_score"":2.5},{""rank"":4,""recommended"":false,""feasible"":true,""budget_used"":0.212409,""budget_violation"":0,""makespan"":97.365,""deadline_violation"":0,""machine_signature"":""64e73a28e90a3c93"",""weighted_score"":1,""diversity_score"":0}]"
heft_colocation,cluster_hetero,6,maddid0000018|maddid0000056|mbackgroundid0000013|mbackgroundid0000016|mbackgroundid0000033|mbackgroundid0000034|mbackgroundid0000035|mbackgroundid0000053|mbgmodelid0000031|mconcatfitid0000030|mdifffitid0000005|mdifffitid0000007|mdifffitid0000008|mdifffitid0000009|mdifffitid0000010|mdifffitid0000024|mdifffitid0000025|mdifffitid0000027|mdifffitid0000028|mdifffitid0000045|mdifffitid0000046|mdifffitid0000048|mprojectid0000002|mprojectid0000004|mprojectid0000039|mprojectid0000040|mprojectid0000041|mviewerid0000019|mviewerid0000057,0.200000,281.883000,0.000000,0.000000,346.902440,0.000000,0.000000,true,46.918000,9,1.051000,"{""bora005"":20,""bora006"":23,""diablo01"":7,""diablo02"":8}","{""bora005"":0.101854,""bora006"":0.0695,""diablo01"":0.004782,""diablo02"":0.000888}",[]
prism_cc_cost,cluster_hetero,6,maddid0000018|maddid0000056|mbackgroundid0000013|mbackgroundid0000016|mbackgroundid0000033|mbackgroundid0000034|mbackgroundid0000035|mbackgroundid0000053|mbgmodelid0000031|mconcatfitid0000030|mdifffitid0000005|mdifffitid0000007|mdifffitid0000008|mdifffitid0000009|mdifffitid0000010|mdifffitid0000024|mdifffitid0000025|mdifffitid0000027|mdifffitid0000028|mdifffitid0000045|mdifffitid0000046|mdifffitid0000048|mprojectid0000002|mprojectid0000004|mprojectid0000039|mprojectid0000040|mprojectid0000041|mviewerid0000019|mviewerid0000057,0.200000,281.883000,0.000000,0.000000,346.902440,0.000000,0.000000,true,45.507000,5,220.665000,"{""bora005"":21,""bora006"":19,""diablo01"":9,""diablo02"":9}","{""bora005"":0.102004,""bora006"":0.068516,""diablo01"":0.004938,""diablo02"":0.00122}","[{""rank"":1,""recommended"":true,""feasible"":true,""budget_used"":0,""budget_violation"":0,""makespan"":281.883,""deadline_violation"":0,""machine_signature"":""a54fc3bf776823f5"",""weighted_score"":0,""diversity_score"":3.637931},{""rank"":2,""recommended"":false,""feasible"":true,""budget_used"":0,""budget_violation"":0,""makespan"":281.883,""deadline_violation"":0,""machine_signature"":""acc062da84a709dd"",""weighted_score"":0,""diversity_score"":3.603448}]"
prism_cc_time,cluster_hetero,6,maddid0000018|maddid0000056|mbackgroundid0000013|mbackgroundid0000016|mbackgroundid0000033|mbackgroundid0000034|mbackgroundid0000035|mbackgroundid0000053|mbgmodelid0000031|mconcatfitid0000030|mdifffitid0000005|mdifffitid0000007|mdifffitid0000008|mdifffitid0000009|mdifffitid0000010|mdifffitid0000024|mdifffitid0000025|mdifffitid0000027|mdifffitid0000028|mdifffitid0000045|mdifffitid0000046|mdifffitid0000048|mprojectid0000002|mprojectid0000004|mprojectid0000039|mprojectid0000040|mprojectid0000041|mviewerid0000019|mviewerid0000057,0.200000,281.883000,0.000000,0.000000,346.902440,0.000000,0.000000,true,45.507000,5,220.665000,"{""bora005"":21,""bora006"":19,""diablo01"":9,""diablo02"":9}","{""bora005"":0.102004,""bora006"":0.068516,""diablo01"":0.004938,""diablo02"":0.00122}","[{""rank"":1,""recommended"":true,""feasible"":true,""budget_used"":0,""budget_violation"":0,""makespan"":281.883,""deadline_violation"":0,""machine_signature"":""a54fc3bf776823f5"",""weighted_score"":1,""diversity_score"":3.637931},{""rank"":2,""recommended"":false,""feasible"":true,""budget_used"":0,""budget_violation"":0,""makespan"":281.883,""deadline_violation"":0,""machine_signature"":""acc062da84a709dd"",""weighted_score"":1,""diversity_score"":3.603448}]"
heft_colocation,cluster_homo,6,maddid0000018|maddid0000056|mbackgroundid0000013|mbackgroundid0000016|mbackgroundid0000033|mbackgroundid0000034|mbackgroundid0000035|mbackgroundid0000053|mbgmodelid0000031|mconcatfitid0000030|mdifffitid0000005|mdifffitid0000007|mdifffitid0000008|mdifffitid0000009|mdifffitid0000010|mdifffitid0000024|mdifffitid0000025|mdifffitid0000027|mdifffitid0000028|mdifffitid0000045|mdifffitid0000046|mdifffitid0000048|mprojectid0000002|mprojectid0000004|mprojectid0000039|mprojectid0000040|mprojectid0000041|mviewerid0000019|mviewerid0000057,0.200000,281.326000,0.000000,0.000000,337.591200,0.000000,0.000000,true,14.053000,7,0.769000,"{""bora001"":19,""bora002"":22,""bora003"":8,""bora004"":9}","{""bora001"":0.052678,""bora002"":0.052675,""bora003"":0.02736,""bora004"":0.043827}",[]
prism_cc_cost,cluster_homo,6,maddid0000018|maddid0000056|mbackgroundid0000013|mbackgroundid0000016|mbackgroundid0000033|mbackgroundid0000034|mbackgroundid0000035|mbackgroundid0000053|mbgmodelid0000031|mconcatfitid0000030|mdifffitid0000005|mdifffitid0000007|mdifffitid0000008|mdifffitid0000009|mdifffitid0000010|mdifffitid0000024|mdifffitid0000025|mdifffitid0000027|mdifffitid0000028|mdifffitid0000045|mdifffitid0000046|mdifffitid0000048|mprojectid0000002|mprojectid0000004|mprojectid0000039|mprojectid0000040|mprojectid0000041|mviewerid0000019|mviewerid0000057,0.200000,281.326000,0.000000,0.000000,337.591200,0.000000,0.000000,true,13.404000,6,169.573000,"{""bora001"":20,""bora002"":21,""bora003"":8,""bora004"":9}","{""bora001"":0.052999,""bora002"":0.052291,""bora003"":0.02736,""bora004"":0.043827}","[{""rank"":1,""recommended"":true,""feasible"":true,""budget_used"":0,""budget_violation"":0,""makespan"":281.326,""deadline_violation"":0,""machine_signature"":""6f5433fe22ccfcbc"",""weighted_score"":0,""diversity_score"":3.637931},{""rank"":2,""recommended"":false,""feasible"":true,""budget_used"":0,""budget_violation"":0,""makespan"":281.326,""deadline_violation"":0,""machine_signature"":""a684e2cdd83f2400"",""weighted_score"":0,""diversity_score"":3.62069}]"
prism_cc_time,cluster_homo,6,maddid0000018|maddid0000056|mbackgroundid0000013|mbackgroundid0000016|mbackgroundid0000033|mbackgroundid0000034|mbackgroundid0000035|mbackgroundid0000053|mbgmodelid0000031|mconcatfitid0000030|mdifffitid0000005|mdifffitid0000007|mdifffitid0000008|mdifffitid0000009|mdifffitid0000010|mdifffitid0000024|mdifffitid0000025|mdifffitid0000027|mdifffitid0000028|mdifffitid0000045|mdifffitid0000046|mdifffitid0000048|mprojectid0000002|mprojectid0000004|mprojectid0000039|mprojectid0000040|mprojectid0000041|mviewerid0000019|mviewerid0000057,0.200000,281.326000,0.000000,0.000000,337.591200,0.000000,0.000000,true,13.404000,6,169.573000,"{""bora001"":20,""bora002"":21,""bora003"":8,""bora004"":9}","{""bora001"":0.052999,""bora002"":0.052291,""bora003"":0.02736,""bora004"":0.043827}","[{""rank"":1,""recommended"":true,""feasible"":true,""budget_used"":0,""budget_violation"":0,""makespan"":281.326,""deadline_violation"":0,""machine_signature"":""6f5433fe22ccfcbc"",""weighted_score"":1,""diversity_score"":3.637931},{""rank"":2,""recommended"":false,""feasible"":true,""budget_used"":0,""budget_violation"":0,""makespan"":281.326,""deadline_violation"":0,""machine_signature"":""a684e2cdd83f2400"",""weighted_score"":1,""diversity_score"":3.62069}]"
heft_colocation,hybrid_hetero,6,maddid0000018|maddid0000056|mbackgroundid0000013|mbackgroundid0000016|mbackgroundid0000033|mbackgroundid0000034|mbackgroundid0000035|mbackgroundid0000053|mbgmodelid0000031|mconcatfitid0000030|mdifffitid0000005|mdifffitid0000007|mdifffitid0000008|mdifffitid0000009|mdifffitid0000010|mdifffitid0000024|mdifffitid0000025|mdifffitid0000027|mdifffitid0000028|mdifffitid0000045|mdifffitid0000046|mdifffitid0000048|mprojectid0000002|mprojectid0000004|mprojectid0000039|mprojectid0000040|mprojectid0000041|mviewerid0000019|mviewerid0000057,0.200000,95.314000,0.207938,0.507908,117.111320,0.000000,0.000000,true,38.803000,42,1.360000,"{""bora011"":5,""diablo03"":1,""h4d-standard-192-7"":52}","{""bora011"":0.000617,""diablo03"":0.000202,""h3-standard-88-2"":0,""h4d-standard-192-7"":0.01959}",[]
prism_cc_cost,hybrid_hetero,6,maddid0000018|maddid0000056|mbackgroundid0000013|mbackgroundid0000016|mbackgroundid0000033|mbackgroundid0000034|mbackgroundid0000035|mbackgroundid0000053|mbgmodelid0000031|mconcatfitid0000030|mdifffitid0000005|mdifffitid0000007|mdifffitid0000008|mdifffitid0000009|mdifffitid0000010|mdifffitid0000024|mdifffitid0000025|mdifffitid0000027|mdifffitid0000028|mdifffitid0000045|mdifffitid0000046|mdifffitid0000048|mprojectid0000002|mprojectid0000004|mprojectid0000039|mprojectid0000040|mprojectid0000041|mviewerid0000019|mviewerid0000057,0.200000,102.373000,0.149173,0.507908,117.111320,0.000000,0.000000,true,38.468000,38,317.267000,"{""bora011"":17,""diablo03"":8,""h4d-standard-192-7"":33}","{""bora011"":0.0062,""diablo03"":0.002445,""h3-standard-88-2"":0,""h4d-standard-192-7"":0.017923}","[{""rank"":1,""recommended"":true,""feasible"":true,""budget_used"":0.149173,""budget_violation"":0,""makespan"":102.373,""deadline_violation"":0,""machine_signature"":""898169fc1a999430"",""weighted_score"":0.149173,""diversity_score"":2.431034},{""rank"":2,""recommended"":false,""feasible"":true,""budget_used"":0.207938,""budget_violation"":0,""makespan"":95.314,""deadline_violation"":0,""machine_signature"":""46f7251f5134b052"",""weighted_score"":0.207938,""diversity_score"":2.103448}]"
prism_cc_time,hybrid_hetero,6,maddid0000018|maddid0000056|mbackgroundid0000013|mbackgroundid0000016|mbackgroundid0000033|mbackgroundid0000034|mbackgroundid0000035|mbackgroundid0000053|mbgmodelid0000031|mconcatfitid0000030|mdifffitid0000005|mdifffitid0000007|mdifffitid0000008|mdifffitid0000009|mdifffitid0000010|mdifffitid0000024|mdifffitid0000025|mdifffitid0000027|mdifffitid0000028|mdifffitid0000045|mdifffitid0000046|mdifffitid0000048|mprojectid0000002|mprojectid0000004|mprojectid0000039|mprojectid0000040|mprojectid0000041|mviewerid0000019|mviewerid0000057,0.200000,95.314000,0.207938,0.507908,117.111320,0.000000,0.000000,true,38.803000,42,317.267000,"{""bora011"":5,""diablo03"":1,""h4d-standard-192-7"":52}","{""bora011"":0.000617,""diablo03"":0.000202,""h3-standard-88-2"":0,""h4d-standard-192-7"":0.01959}","[{""rank"":1,""recommended"":true,""feasible"":true,""budget_used"":0.207938,""budget_violation"":0,""makespan"":95.314,""deadline_violation"":0,""machine_signature"":""46f7251f5134b052"",""weighted_score"":0.931046,""diversity_score"":2.103448},{""rank"":2,""recommended"":false,""feasible"":true,""budget_used"":0.149173,""budget_violation"":0,""makespan"":102.373,""deadline_violation"":0,""machine_signature"":""898169fc1a999430"",""weighted_score"":1,""diversity_score"":2.431034}]"
heft_colocation,hybrid_homo,6,maddid0000018|maddid0000056|mbackgroundid0000013|mbackgroundid0000016|mbackgroundid0000033|mbackgroundid0000034|mbackgroundid0000035|mbackgroundid0000053|mbgmodelid0000031|mconcatfitid0000030|mdifffitid0000005|mdifffitid0000007|mdifffitid0000008|mdifffitid0000009|mdifffitid0000010|mdifffitid0000024|mdifffitid0000025|mdifffitid0000027|mdifffitid0000028|mdifffitid0000045|mdifffitid0000046|mdifffitid0000048|mprojectid0000002|mprojectid0000004|mprojectid0000039|mprojectid0000040|mprojectid0000041|mviewerid0000019|mviewerid0000057,0.200000,90.904000,0.616936,0.747528,110.602640,0.000000,0.000000,true,13.587000,21,1.842000,"{""bora009"":2,""bora010"":1,""h4d-standard-192-5"":31,""h4d-standard-192-6"":24}","{""bora009"":0.00056,""bora010"":0.000302,""h4d-standard-192-5"":0.008052,""h4d-standard-192-6"":0.011047}",[]
prism_cc_cost,hybrid_homo,6,maddid0000018|maddid0000056|mbackgroundid0000013|mbackgroundid0000016|mbackgroundid0000033|mbackgroundid0000034|mbackgroundid0000035|mbackgroundid0000053|mbgmodelid0000031|mconcatfitid0000030|mdifffitid0000005|mdifffitid0000007|mdifffitid0000008|mdifffitid0000009|mdifffitid0000010|mdifffitid0000024|mdifffitid0000025|mdifffitid0000027|mdifffitid0000028|mdifffitid0000045|mdifffitid0000046|mdifffitid0000048|mprojectid0000002|mprojectid0000004|mprojectid0000039|mprojectid0000040|mprojectid0000041|mviewerid0000019|mviewerid0000057,0.200000,97.395000,0.338341,0.747528,110.602640,0.000000,0.000000,true,18.554000,10,389.091000,"{""bora009"":15,""bora010"":12,""h4d-standard-192-5"":25,""h4d-standard-192-6"":6}","{""bora009"":0.005591,""bora010"":0.005269,""h4d-standard-192-5"":0.01329,""h4d-standard-192-6"":0.004461}","[{""rank"":1,""recommended"":true,""feasible"":true,""budget_used"":0.338341,""budget_violation"":0,""makespan"":97.395,""deadline_violation"":0,""machine_signature"":""3d4a0a2e9d6a16f8"",""weighted_score"":0.338341,""diversity_score"":3.568966},{""rank"":2,""recommended"":false,""feasible"":true,""budget_used"":0.444063,""budget_violation"":0,""makespan"":90.904,""deadline_violation"":0,""machine_signature"":""2e8a26f50656c209"",""weighted_score"":0.444063,""diversity_score"":3.517241},{""rank"":3,""recommended"":false,""feasible"":true,""budget_used"":0.607995,""budget_violation"":0,""makespan"":90.904,""deadline_violation"":0,""machine_signature"":""9e8016f0112c1815"",""weighted_score"":0.607995,""diversity_score"":3.482759},{""rank"":4,""recommended"":false,""feasible"":true,""budget_used"":0.616936,""budget_violation"":0,""makespan"":90.904,""deadline_violation"":0,""machine_signature"":""8e3b4cda17eedd15"",""weighted_score"":0.616936,""diversity_score"":3.465517}]"
prism_cc_time,hybrid_homo,6,maddid0000018|maddid0000056|mbackgroundid0000013|mbackgroundid0000016|mbackgroundid0000033|mbackgroundid0000034|mbackgroundid0000035|mbackgroundid0000053|mbgmodelid0000031|mconcatfitid0000030|mdifffitid0000005|mdifffitid0000007|mdifffitid0000008|mdifffitid0000009|mdifffitid0000010|mdifffitid0000024|mdifffitid0000025|mdifffitid0000027|mdifffitid0000028|mdifffitid0000045|mdifffitid0000046|mdifffitid0000048|mprojectid0000002|mprojectid0000004|mprojectid0000039|mprojectid0000040|mprojectid0000041|mviewerid0000019|mviewerid0000057,0.200000,90.904000,0.444063,0.747528,110.602640,0.000000,0.000000,true,18.554000,10,389.091000,"{""bora009"":7,""bora010"":7,""h4d-standard-192-5"":28,""h4d-standard-192-6"":16}","{""bora009"":0.003405,""bora010"":0.003361,""h4d-standard-192-5"":0.014254,""h4d-standard-192-6"":0.00493}","[{""rank"":1,""recommended"":true,""feasible"":true,""budget_used"":0.444063,""budget_violation"":0,""makespan"":90.904,""deadline_violation"":0,""machine_signature"":""2e8a26f50656c209"",""weighted_score"":0.933354,""diversity_score"":3.517241},{""rank"":2,""recommended"":false,""feasible"":true,""budget_used"":0.607995,""budget_violation"":0,""makespan"":90.904,""deadline_violation"":0,""machine_signature"":""9e8016f0112c1815"",""weighted_score"":0.933354,""diversity_score"":3.482759},{""rank"":3,""recommended"":false,""feasible"":true,""budget_used"":0.616936,""budget_violation"":0,""makespan"":90.904,""deadline_violation"":0,""machine_signature"":""8e3b4cda17eedd15"",""weighted_score"":0.933354,""diversity_score"":3.465517},{""rank"":4,""recommended"":false,""feasible"":true,""budget_used"":0.338341,""budget_violation"":0,""makespan"":97.395,""deadline_violation"":0,""machine_signature"":""3d4a0a2e9d6a16f8"",""weighted_score"":1,""diversity_score"":3.568966}]"
heft_colocation,cloud_hetero,7,maddid0000056|mbackgroundid0000013|mbackgroundid0000014|mbackgroundid0000033|mbackgroundid0000034|mbackgroundid0000035|mbackgroundid0000054|mbgmodelid0000012|mbgmodelid0000031|mconcatfitid0000030|mdifffitid0000005|mdifffitid0000008|mdifffitid0000009|mdifffitid0000010|mdifffitid0000027|mdifffitid0000028|mdifffitid0000043|mdifffitid0000046|mimgtblid0000017|mimgtblid0000055|mprojectid0000001|mprojectid0000002|mprojectid0000003|mprojectid0000020|mprojectid0000021|mprojectid0000022|mprojectid0000023|mviewerid0000019|mviewerid0000058,0.200000,90.987000,0.687782,0.809118,110.678240,0.000000,0.000000,true,24.304000,19,2.379000,"{""h4d-highmem-192-1"":25,""h4d-standard-192-1"":33}","{""h3-standard-88-1"":0,""h3-standard-88-2"":0,""h4d-highmem-192-1"":0.011204,""h4d-standard-192-1"":0.008519}",[]
prism_cc_cost,cloud_hetero,7,maddid0000056|mbackgroundid0000013|mbackgroundid0000014|mbackgroundid0000033|mbackgroundid0000034|mbackgroundid0000035|mbackgroundid0000054|mbgmodelid0000012|mbgmodelid0000031|mconcatfitid0000030|mdifffitid0000005|mdifffitid0000008|mdifffitid0000009|mdifffitid0000010|mdifffitid0000027|mdifffitid0000028|mdifffitid0000043|mdifffitid0000046|mimgtblid0000017|mimgtblid0000055|mprojectid0000001|mprojectid0000002|mprojectid0000003|mprojectid0000020|mprojectid0000021|mprojectid0000022|mprojectid0000023|mviewerid0000019|mviewerid0000058,0.200000,94.479000,0.206111,0.809118,110.678240,0.000000,0.000000,true,59.205000,38,313.794000,"{""h4d-standard-192-1"":58}","{""h3-standard-88-1"":0,""h3-standard-88-2"":0,""h4d-highmem-192-1"":0,""h4d-standard-192-1"":0.020919}","[{""rank"":1,""recommended"":true,""feasible"":true,""budget_used"":0.206111,""budget_violation"":0,""makespan"":94.479,""deadline_violation"":0,""machine_signature"":""253a50f35faa34db"",""weighted_score"":0.206111,""diversity_score"":0},{""rank"":2,""recommended"":false,""feasible"":true,""budget_used"":0.684415,""budget_violation"":0,""makespan"":90.987,""deadline_violation"":0,""machine_signature"":""8b7048ca30b96b66"",""weighted_score"":0.684415,""diversity_score"":1.448276},{""rank"":3,""recommended"":false,""feasible"":true,""budget_used"":0.687782,""budget_violation"":0,""makespan"":90.987,""deadline_violation"":0,""machine_signature"":""c8ec5bd370d26fac"",""weighted_score"":0.687782,""diversity_score"":1.431034}]"
prism_cc_time,cloud_hetero,7,maddid0000056|mbackgroundid0000013|mbackgroundid0000014|mbackgroundid0000033|mbackgroundid0000034|mbackgroundid0000035|mbackgroundid0000054|mbgmodelid0000012|mbgmodelid0000031|mconcatfitid0000030|mdifffitid0000005|mdifffitid0000008|mdifffitid0000009|mdifffitid0000010|mdifffitid0000027|mdifffitid0000028|mdifffitid0000043|mdifffitid0000046|mimgtblid0000017|mimgtblid0000055|mprojectid0000001|mprojectid0000002|mprojectid0000003|mprojectid0000020|mprojectid0000021|mprojectid0000022|mprojectid0000023|mviewerid0000019|mviewerid0000058,0.200000,90.987000,0.684415,0.809118,110.678240,0.000000,0.000000,true,24.304000,19,313.794000,"{""h4d-highmem-192-1"":26,""h4d-standard-192-1"":32}","{""h3-standard-88-1"":0,""h3-standard-88-2"":0,""h4d-highmem-192-1"":0.011206,""h4d-standard-192-1"":0.008518}","[{""rank"":1,""recommended"":true,""feasible"":true,""budget_used"":0.684415,""budget_violation"":0,""makespan"":90.987,""deadline_violation"":0,""machine_signature"":""8b7048ca30b96b66"",""weighted_score"":0.963039,""diversity_score"":1.448276},{""rank"":2,""recommended"":false,""feasible"":true,""budget_used"":0.687782,""budget_violation"":0,""makespan"":90.987,""deadline_violation"":0,""machine_signature"":""c8ec5bd370d26fac"",""weighted_score"":0.963039,""diversity_score"":1.431034},{""rank"":3,""recommended"":false,""feasible"":true,""budget_used"":0.206111,""budget_violation"":0,""makespan"":94.479,""deadline_violation"":0,""machine_signature"":""253a50f35faa34db"",""weighted_score"":1,""diversity_score"":0}]"
heft_colocation,cloud_homo,7,maddid0000056|mbackgroundid0000013|mbackgroundid0000014|mbackgroundid0000033|mbackgroundid0000034|mbackgroundid0000035|mbackgroundid0000054|mbgmodelid0000012|mbgmodelid0000031|mconcatfitid0000030|mdifffitid0000005|mdifffitid0000008|mdifffitid0000009|mdifffitid0000010|mdifffitid0000027|mdifffitid0000028|mdifffitid0000043|mdifffitid0000046|mimgtblid0000017|mimgtblid0000055|mprojectid0000001|mprojectid0000002|mprojectid0000003|mprojectid0000020|mprojectid0000021|mprojectid0000022|mprojectid0000023|mviewerid0000019|mviewerid0000058,0.200000,88.398000,1.108585,1.344726,106.047360,0.000000,0.000000,true,7.037000,8,3.958000,"{""h4d-standard-192-1"":16,""h4d-standard-192-2"":11,""h4d-standard-192-3"":18,""h4d-standard-192-4"":13}","{""h4d-standard-192-1"":0.003701,""h4d-standard-192-2"":0.002673,""h4d-standard-192-3"":0.005304,""h4d-standard-192-4"":0.007607}",[]
prism_cc_cost,cloud_homo,7,maddid0000056|mbackgroundid0000013|mbackgroundid0000014|mbackgroundid0000033|mbackgroundid0000034|mbackgroundid0000035|mbackgroundid0000054|mbgmodelid0000012|mbgmodelid0000031|mconcatfitid0000030|mdifffitid0000005|mdifffitid0000008|mdifffitid0000009|mdifffitid0000010|mdifffitid0000027|mdifffitid0000028|mdifffitid0000043|mdifffitid0000046|mimgtblid0000017|mimgtblid0000055|mprojectid0000001|mprojectid0000002|mprojectid0000003|mprojectid0000020|mprojectid0000021|mprojectid0000022|mprojectid0000023|mviewerid0000019|mviewerid0000058,0.200000,92.915000,0.202701,1.344726,106.047360,0.000000,0.000000,true,59.394000,42,401.874000,"{""h4d-standard-192-1"":58}","{""h4d-standard-192-1"":0.021282,""h4d-standard-192-2"":0,""h4d-standard-192-3"":0,""h4d-standard-192-4"":0}","[{""rank"":1,""recommended"":true,""feasible"":true,""budget_used"":0.202701,""budget_violation"":0,""makespan"":92.915,""deadline_violation"":0,""machine_signature"":""d13929569eb21985"",""weighted_score"":0.182847,""diversity_score"":0},{""rank"":2,""recommended"":false,""feasible"":true,""budget_used"":1.105234,""budget_violation"":0,""makespan"":88.398,""deadline_violation"":0,""machine_signature"":""409d0e9edd518b60"",""weighted_score"":0.996977,""diversity_score"":3.689655},{""rank"":3,""recommended"":false,""feasible"":true,""budget_used"":1.108585,""budget_violation"":0,""makespan"":88.398,""deadline_violation"":0,""machine_signature"":""084a723ddb3b6235"",""weighted_score"":1,""diversity_score"":3.689655}]"
prism_cc_time,cloud_homo,7,maddid0000056|mbackgroundid0000013|mbackgroundid0000014|mbackgroundid0000033|mbackgroundid0000034|mbackgroundid0000035|mbackgroundid0000054|mbgmodelid0000012|mbgmodelid0000031|mconcatfitid0000030|mdifffitid0000005|mdifffitid0000008|mdifffitid0000009|mdifffitid0000010|mdifffitid0000027|mdifffitid0000028|mdifffitid0000043|mdifffitid0000046|mimgtblid0000017|mimgtblid0000055|mprojectid0000001|mprojectid0000002|mprojectid0000003|mprojectid0000020|mprojectid0000021|mprojectid0000022|mprojectid0000023|mviewerid0000019|mviewerid0000058,0.200000,88.398000,1.105234,1.344726,106.047360,0.000000,0.000000,true,7.037000,8,401.874000,"{""h4d-standard-192-1"":15,""h4d-standard-192-2"":11,""h4d-standard-192-3"":18,""h4d-standard-192-4"":14}","{""h4d-standard-192-1"":0.003699,""h4d-standard-192-2"":0.002673,""h4d-standard-192-3"":0.005304,""h4d-standard-192-4"":0.007608}","[{""rank"":1,""recommended"":true,""feasible"":true,""budget_used"":1.105234,""budget_violation"":0,""makespan"":88.398,""deadline_violation"":0,""machine_signature"":""409d0e9edd518b60"",""weighted_score"":0.951386,""diversity_score"":3.689655},{""rank"":2,""recommended"":false,""feasible"":true,""budget_used"":1.108585,""budget_violation"":0,""makespan"":88.398,""deadline_violation"":0,""machine_signature"":""084a723ddb3b6235"",""weighted_score"":0.951386,""diversity_score"":3.689655},{""rank"":3,""recommended"":false,""feasible"":true,""budget_used"":0.202701,""budget_violation"":0,""makespan"":92.915,""deadline_violation"":0,""machine_signature"":""d13929569eb21985"",""weighted_score"":1,""diversity_score"":0}]"
heft_colocation,cluster_hetero,7,maddid0000056|mbackgroundid0000013|mbackgroundid0000014|mbackgroundid0000033|mbackgroundid0000034|mbackgroundid0000035|mbackgroundid0000054|mbgmodelid0000012|mbgmodelid0000031|mconcatfitid0000030|mdifffitid0000005|mdifffitid0000008|mdifffitid0000009|mdifffitid0000010|mdifffitid0000027|mdifffitid0000028|mdifffitid0000043|mdifffitid0000046|mimgtblid0000017|mimgtblid0000055|mprojectid0000001|mprojectid0000002|mprojectid0000003|mprojectid0000020|mprojectid0000021|mprojectid0000022|mprojectid0000023|mviewerid0000019|mviewerid0000058,0.200000,281.883000,0.000000,0.000000,346.902440,0.000000,0.000000,true,68.470000,6,0.989000,"{""bora005"":21,""bora006"":24,""diablo01"":7,""diablo02"":6}","{""bora005"":0.096173,""bora006"":0.070759,""diablo01"":0.005738,""diablo02"":0.004528}",[]
prism_cc_cost,cluster_hetero,7,maddid0000056|mbackgroundid0000013|mbackgroundid0000014|mbackgroundid0000033|mbackgroundid0000034|mbackgroundid0000035|mbackgroundid0000054|mbgmodelid0000012|mbgmodelid0000031|mconcatfitid0000030|mdifffitid0000005|mdifffitid0000008|mdifffitid0000009|mdifffitid0000010|mdifffitid0000027|mdifffitid0000028|mdifffitid0000043|mdifffitid0000046|mimgtblid0000017|mimgtblid0000055|mprojectid0000001|mprojectid0000002|mprojectid0000003|mprojectid0000020|mprojectid0000021|mprojectid0000022|mprojectid0000023|mviewerid0000019|mviewerid0000058,0.200000,281.883000,0.000000,0.000000,346.902440,0.000000,0.000000,true,68.470000,6,186.217000,"{""bora005"":21,""bora006"":24,""diablo01"":7,""diablo02"":6}","{""bora005"":0.096173,""bora006"":0.070759,""diablo01"":0.005738,""diablo02"":0.004528}","[{""rank"":1,""recommended"":true,""feasible"":true,""budget_used"":0,""budget_violation"":0,""makespan"":281.883,""deadline_violation"":0,""machine_signature"":""c60e57dceb4fb252"",""weighted_score"":0,""diversity_score"":3.586207},{""rank"":2,""recommended"":false,""feasible"":true,""budget_used"":0,""budget_violation"":0,""makespan"":282.667,""deadline_violation"":0,""machine_signature"":""4135816af4962379"",""weighted_score"":0,""diversity_score"":3.586207}]"
prism_cc_time,cluster_hetero,7,maddid0000056|mbackgroundid0000013|mbackgroundid0000014|mbackgroundid0000033|mbackgroundid0000034|mbackgroundid0000035|mbackgroundid0000054|mbgmodelid0000012|mbgmodelid0000031|mconcatfitid0000030|mdifffitid0000005|mdifffitid0000008|mdifffitid0000009|mdifffitid0000010|mdifffitid0000027|mdifffitid0000028|mdifffitid0000043|mdifffitid0000046|mimgtblid0000017|mimgtblid0000055|mprojectid0000001|mprojectid0000002|mprojectid0000003|mprojectid0000020|mprojectid0000021|mprojectid0000022|mprojectid0000023|mviewerid0000019|mviewerid0000058,0.200000,281.883000,0.000000,0.000000,346.902440,0.000000,0.000000,true,68.470000,6,186.217000,"{""bora005"":21,""bora006"":24,""diablo01"":7,""diablo02"":6}","{""bora005"":0.096173,""bora006"":0.070759,""diablo01"":0.005738,""diablo02"":0.004528}","[{""rank"":1,""recommended"":true,""feasible"":true,""budget_used"":0,""budget_violation"":0,""makespan"":281.883,""deadline_violation"":0,""machine_signature"":""c60e57dceb4fb252"",""weighted_score"":0.997226,""diversity_score"":3.586207},{""rank"":2,""recommended"":false,""feasible"":true,""budget_used"":0,""budget_violation"":0,""makespan"":282.667,""deadline_violation"":0,""machine_signature"":""4135816af4962379"",""weighted_score"":1,""diversity_score"":3.586207}]"
heft_colocation,cluster_homo,7,maddid0000056|mbackgroundid0000013|mbackgroundid0000014|mbackgroundid0000033|mbackgroundid0000034|mbackgroundid0000035|mbackgroundid0000054|mbgmodelid0000012|mbgmodelid0000031|mconcatfitid0000030|mdifffitid0000005|mdifffitid0000008|mdifffitid0000009|mdifffitid0000010|mdifffitid0000027|mdifffitid0000028|mdifffitid0000043|mdifffitid0000046|mimgtblid0000017|mimgtblid0000055|mprojectid0000001|mprojectid0000002|mprojectid0000003|mprojectid0000020|mprojectid0000021|mprojectid0000022|mprojectid0000023|mviewerid0000019|mviewerid0000058,0.200000,281.326000,0.000000,0.000000,337.591200,0.000000,0.000000,true,37.608000,6,0.813000,"{""bora001"":14,""bora002"":18,""bora003"":14,""bora004"":12}","{""bora001"":0.034128,""bora002"":0.025934,""bora003"":0.048748,""bora004"":0.070056}",[]
prism_cc_cost,cluster_homo,7,maddid0000056|mbackgroundid0000013|mbackgroundid0000014|mbackgroundid0000033|mbackgroundid0000034|mbackgroundid0000035|mbackgroundid0000054|mbgmodelid0000012|mbgmodelid0000031|mconcatfitid0000030|mdifffitid0000005|mdifffitid0000008|mdifffitid0000009|mdifffitid0000010|mdifffitid0000027|mdifffitid0000028|mdifffitid0000043|mdifffitid0000046|mimgtblid0000017|mimgtblid0000055|mprojectid0000001|mprojectid0000002|mprojectid0000003|mprojectid0000020|mprojectid0000021|mprojectid0000022|mprojectid0000023|mviewerid0000019|mviewerid0000058,0.200000,281.326000,0.000000,0.000000,337.591200,0.000000,0.000000,true,37.608000,6,197.986000,"{""bora001"":14,""bora002"":18,""bora003"":14,""bora004"":12}","{""bora001"":0.034128,""bora002"":0.025934,""bora003"":0.048748,""bora004"":0.070056}","[{""rank"":1,""recommended"":true,""feasible"":true,""budget_used"":0,""budget_violation"":0,""makespan"":281.326,""deadline_violation"":0,""machine_signature"":""689ba9f9390ed9ab"",""weighted_score"":0,""diversity_score"":3.689655},{""rank"":2,""recommended"":false,""feasible"":true,""budget_used"":0,""budget_violation"":0,""makespan"":281.567,""deadline_violation"":0,""machine_signature"":""b00f0841a94f3d81"",""weighted_score"":0,""diversity_score"":3.672414}]"
prism_cc_time,cluster_homo,7,maddid0000056|mbackgroundid0000013|mbackgroundid0000014|mbackgroundid0000033|mbackgroundid0000034|mbackgroundid0000035|mbackgroundid0000054|mbgmodelid0000012|mbgmodelid0000031|mconcatfitid0000030|mdifffitid0000005|mdifffitid0000008|mdifffitid0000009|mdifffitid0000010|mdifffitid0000027|mdifffitid0000028|mdifffitid0000043|mdifffitid0000046|mimgtblid0000017|mimgtblid0000055|mprojectid0000001|mprojectid0000002|mprojectid0000003|mprojectid0000020|mprojectid0000021|mprojectid0000022|mprojectid0000023|mviewerid0000019|mviewerid0000058,0.200000,281.326000,0.000000,0.000000,337.591200,0.000000,0.000000,true,37.608000,6,197.986000,"{""bora001"":14,""bora002"":18,""bora003"":14,""bora004"":12}","{""bora001"":0.034128,""bora002"":0.025934,""bora003"":0.048748,""bora004"":0.070056}","[{""rank"":1,""recommended"":true,""feasible"":true,""budget_used"":0,""budget_violation"":0,""makespan"":281.326,""deadline_violation"":0,""machine_signature"":""689ba9f9390ed9ab"",""weighted_score"":0.999144,""diversity_score"":3.689655},{""rank"":2,""recommended"":false,""feasible"":true,""budget_used"":0,""budget_violation"":0,""makespan"":281.567,""deadline_violation"":0,""machine_signature"":""b00f0841a94f3d81"",""weighted_score"":1,""diversity_score"":3.672414}]"
heft_colocation,hybrid_hetero,7,maddid0000056|mbackgroundid0000013|mbackgroundid0000014|mbackgroundid0000033|mbackgroundid0000034|mbackgroundid0000035|mbackgroundid0000054|mbgmodelid0000012|mbgmodelid0000031|mconcatfitid0000030|mdifffitid0000005|mdifffitid0000008|mdifffitid0000009|mdifffitid0000010|mdifffitid0000027|mdifffitid0000028|mdifffitid0000043|mdifffitid0000046|mimgtblid0000017|mimgtblid0000055|mprojectid0000001|mprojectid0000002|mprojectid0000003|mprojectid0000020|mprojectid0000021|mprojectid0000022|mprojectid0000023|mviewerid0000019|mviewerid0000058,0.200000,91.864000,0.422879,0.507908,117.111320,0.000000,0.000000,true,46.884000,35,2.024000,"{""bora011"":2,""diablo03"":1,""h3-standard-88-2"":9,""h4d-standard-192-7"":46}","{""bora011"":0.000555,""diablo03"":0.00021,""h3-standard-88-2"":0.003284,""h4d-standard-192-7"":0.02002}",[]
prism_cc_cost,hybrid_hetero,7,maddid0000056|mbackgroundid0000013|mbackgroundid0000014|mbackgroundid0000033|mbackgroundid0000034|mbackgroundid0000035|mbackgroundid0000054|mbgmodelid0000012|mbgmodelid0000031|mconcatfitid0000030|mdifffitid0000005|mdifffitid0000008|mdifffitid0000009|mdifffitid0000010|mdifffitid0000027|mdifffitid0000028|mdifffitid0000043|mdifffitid0000046|mimgtblid0000017|mimgtblid0000055|mprojectid0000001|mprojectid0000002|mprojectid0000003|mprojectid0000020|mprojectid0000021|mprojectid0000022|mprojectid0000023|mviewerid0000019|mviewerid0000058,0.200000,98.177000,0.301748,0.507908,117.111320,0.000000,0.000000,true,46.727000,32,370.913000,"{""bora011"":11,""diablo03"":6,""h3-standard-88-2"":4,""h4d-standard-192-7"":37}","{""bora011"":0.003951,""diablo03"":0.001457,""h3-standard-88-2"":0.002865,""h4d-standard-192-7"":0.018596}","[{""rank"":1,""recommended"":true,""feasible"":true,""budget_used"":0.301748,""budget_violation"":0,""makespan"":98.177,""deadline_violation"":0,""machine_signature"":""7bc4687870321700"",""weighted_score"":0.301748,""diversity_score"":3.362069},{""rank"":2,""recommended"":false,""feasible"":true,""budget_used"":0.33684,""budget_violation"":0,""makespan"":92.127,""deadline_violation"":0,""machine_signature"":""c70c6cee5d59432f"",""weighted_score"":0.33684,""diversity_score"":3.206897},{""rank"":3,""recommended"":false,""feasible"":true,""budget_used"":0.408039,""budget_violation"":0,""makespan"":91.864,""deadline_violation"":0,""machine_signature"":""2f236dec9d867386"",""weighted_score"":0.408039,""diversity_score"":3.206897},{""rank"":4,""recommended"":false,""feasible"":true,""budget_used"":0.422879,""budget_violation"":0,""makespan"":91.864,""deadline_violation"":0,""machine_signature"":""78066177d1081915"",""weighted_score"":0.422879,""diversity_score"":3.206897}]"
prism_cc_time,hybrid_hetero,7,maddid0000056|mbackgroundid0000013|mbackgroundid0000014|mbackgroundid0000033|mbackgroundid0000034|mbackgroundid0000035|mbackgroundid0000054|mbgmodelid0000012|mbgmodelid0000031|mconcatfitid0000030|mdifffitid0000005|mdifffitid0000008|mdifffitid0000009|mdifffitid0000010|mdifffitid0000027|mdifffitid0000028|mdifffitid0000043|mdifffitid0000046|mimgtblid0000017|mimgtblid0000055|mprojectid0000001|mprojectid0000002|mprojectid0000003|mprojectid0000020|mprojectid0000021|mprojectid0000022|mprojectid0000023|mviewerid0000019|mviewerid0000058,0.200000,91.864000,0.408039,0.507908,117.111320,0.000000,0.000000,true,46.884000,35,370.913000,"{""bora011"":3,""diablo03"":1,""h3-standard-88-2"":8,""h4d-standard-192-7"":46}","{""bora011"":0.000597,""diablo03"":0.00021,""h3-standard-88-2"":0.003278,""h4d-standard-192-7"":0.02002}","[{""rank"":1,""recommended"":true,""feasible"":true,""budget_used"":0.408039,""budget_violation"":0,""makespan"":91.864,""deadline_violation"":0,""machine_signature"":""2f236dec9d867386"",""weighted_score"":0.935698,""diversity_score"":3.206897},{""rank"":2,""recommended"":false,""feasible"":true,""budget_used"":0.422879,""budget_violation"":0,""makespan"":91.864,""deadline_violation"":0,""machine_signature"":""78066177d1081915"",""weighted_score"":0.935698,""diversity_score"":3.206897},{""rank"":3,""recommended"":false,""feasible"":true,""budget_used"":0.33684,""budget_violation"":0,""makespan"":92.127,""deadline_violation"":0,""machine_signature"":""c70c6cee5d59432f"",""weighted_score"":0.938377,""diversity_score"":3.206897},{""rank"":4,""recommended"":false,""feasible"":true,""budget_used"":0.301748,""budget_violation"":0,""makespan"":98.177,""deadline_violation"":0,""machine_signature"":""7bc4687870321700"",""weighted_score"":1,""diversity_score"":3.362069}]"
heft_colocation,hybrid_homo,7,maddid0000056|mbackgroundid0000013|mbackgroundid0000014|mbackgroundid0000033|mbackgroundid0000034|mbackgroundid0000035|mbackgroundid0000054|mbgmodelid0000012|mbgmodelid0000031|mconcatfitid0000030|mdifffitid0000005|mdifffitid0000008|mdifffitid0000009|mdifffitid0000010|mdifffitid0000027|mdifffitid0000028|mdifffitid0000043|mdifffitid0000046|mimgtblid0000017|mimgtblid0000055|mprojectid0000001|mprojectid0000002|mprojectid0000003|mprojectid0000020|mprojectid0000021|mprojectid0000022|mprojectid0000023|mviewerid0000019|mviewerid0000058,0.200000,90.931000,0.638715,0.747528,110.602640,0.000000,0.000000,true,24.268000,18,1.569000,"{""bora009"":2,""bora010"":1,""h4d-standard-192-5"":31,""h4d-standard-192-6"":24}","{""bora009"":0.00056,""bora010"":0.000302,""h4d-standard-192-5"":0.008511,""h4d-standard-192-6"":0.011194}",[]
prism_cc_cost,hybrid_homo,7,maddid0000056|mbackgroundid0000013|mbackgroundid0000014|mbackgroundid0000033|mbackgroundid0000034|mbackgroundid0000035|mbackgroundid0000054|mbgmodelid0000012|mbgmodelid0000031|mconcatfitid0000030|mdifffitid0000005|mdifffitid0000008|mdifffitid0000009|mdifffitid0000010|mdifffitid0000027|mdifffitid0000028|mdifffitid0000043|mdifffitid0000046|mimgtblid0000017|mimgtblid0000055|mprojectid0000001|mprojectid0000002|mprojectid0000003|mprojectid0000020|mprojectid0000021|mprojectid0000022|mprojectid0000023|mviewerid0000019|mviewerid0000058,0.200000,104.966000,0.251250,0.747528,110.602640,0.000000,0.000000,true,37.802000,18,411.218000,"{""bora009"":21,""bora010"":19,""h4d-standard-192-5"":17,""h4d-standard-192-6"":1}","{""bora009"":0.008435,""bora010"":0.01101,""h4d-standard-192-5"":0.014974,""h4d-standard-192-6"":0.002106}","[{""rank"":1,""recommended"":true,""feasible"":true,""budget_used"":0.25125,""budget_violation"":0,""makespan"":104.966,""deadline_violation"":0,""machine_signature"":""55a9c06b89c3bf4c"",""weighted_score"":0.25125,""diversity_score"":3.637931},{""rank"":2,""recommended"":false,""feasible"":true,""budget_used"":0.394721,""budget_violation"":0,""makespan"":91.834,""deadline_violation"":0,""machine_signature"":""9c6d590d836b4737"",""weighted_score"":0.394721,""diversity_score"":3.465517},{""rank"":3,""recommended"":false,""feasible"":true,""budget_used"":0.629775,""budget_violation"":0,""makespan"":90.931,""deadline_violation"":0,""machine_signature"":""f335360506adc14b"",""weighted_score"":0.629775,""diversity_score"":3.482759},{""rank"":4,""recommended"":false,""feasible"":true,""budget_used"":0.638715,""budget_violation"":0,""makespan"":90.931,""deadline_violation"":0,""machine_signature"":""282723fd15534289"",""weighted_score"":0.638715,""diversity_score"":3.465517}]"
prism_cc_time,hybrid_homo,7,maddid0000056|mbackgroundid0000013|mbackgroundid0000014|mbackgroundid0000033|mbackgroundid0000034|mbackgroundid0000035|mbackgroundid0000054|mbgmodelid0000012|mbgmodelid0000031|mconcatfitid0000030|mdifffitid0000005|mdifffitid0000008|mdifffitid0000009|mdifffitid0000010|mdifffitid0000027|mdifffitid0000028|mdifffitid0000043|mdifffitid0000046|mimgtblid0000017|mimgtblid0000055|mprojectid0000001|mprojectid0000002|mprojectid0000003|mprojectid0000020|mprojectid0000021|mprojectid0000022|mprojectid0000023|mviewerid0000019|mviewerid0000058,0.200000,90.931000,0.629775,0.747528,110.602640,0.000000,0.000000,true,24.268000,18,411.218000,"{""bora009"":3,""bora010"":1,""h4d-standard-192-5"":30,""h4d-standard-192-6"":24}","{""bora009"":0.000603,""bora010"":0.000302,""h4d-standard-192-5"":0.00851,""h4d-standard-192-6"":0.011194}","[{""rank"":1,""recommended"":true,""feasible"":true,""budget_used"":0.629775,""budget_violation"":0,""makespan"":90.931,""deadline_violation"":0,""machine_signature"":""f335360506adc14b"",""weighted_score"":0.86629,""diversity_score"":3.482759},{""rank"":2,""recommended"":false,""feasible"":true,""budget_used"":0.638715,""budget_violation"":0,""makespan"":90.931,""deadline_violation"":0,""machine_signature"":""282723fd15534289"",""weighted_score"":0.86629,""diversity_score"":3.465517},{""rank"":3,""recommended"":false,""feasible"":true,""budget_used"":0.394721,""budget_violation"":0,""makespan"":91.834,""deadline_violation"":0,""machine_signature"":""9c6d590d836b4737"",""weighted_score"":0.874893,""diversity_score"":3.465517},{""rank"":4,""recommended"":false,""feasible"":true,""budget_used"":0.25125,""budget_violation"":0,""makespan"":104.966,""deadline_violation"":0,""machine_signature"":""55a9c06b89c3bf4c"",""weighted_score"":1,""diversity_score"":3.637931}]"
heft_colocation,cloud_hetero,8,maddid0000018|maddid0000037|maddid0000056|mbackgroundid0000014|mbackgroundid0000016|mbackgroundid0000032|mbackgroundid0000033|mbackgroundid0000035|mbackgroundid0000052|mbackgroundid0000053|mbgmodelid0000012|mbgmodelid0000031|mbgmodelid0000050|mdifffitid0000006|mdifffitid0000008|mdifffitid0000024|mdifffitid0000043|mdifffitid0000044|mdifffitid0000045|mimgtblid0000036|mprojectid0000003|mprojectid0000004|mprojectid0000020|mprojectid0000021|mprojectid0000039|mprojectid0000040|mprojectid0000042|mviewerid0000038|mviewerid0000057,0.200000,94.304000,0.682045,0.809118,110.678240,0.000000,0.000000,true,29.406000,21,2.019000,"{""h4d-highmem-192-1"":25,""h4d-standard-192-1"":33}","{""h3-standard-88-1"":0,""h3-standard-88-2"":0,""h4d-highmem-192-1"":0.009981,""h4d-standard-192-1"":0.009331}",[]
prism_cc_cost,cloud_hetero,8,maddid0000018|maddid0000037|maddid0000056|mbackgroundid0000014|mbackgroundid0000016|mbackgroundid0000032|mbackgroundid0000033|mbackgroundid0000035|mbackgroundid0000052|mbackgroundid0000053|mbgmodelid0000012|mbgmodelid0000031|mbgmodelid0000050|mdifffitid0000006|mdifffitid0000008|mdifffitid0000024|mdifffitid0000043|mdifffitid0000044|mdifffitid0000045|mimgtblid0000036|mprojectid0000003|mprojectid0000004|mprojectid0000020|mprojectid0000021|mprojectid0000039|mprojectid0000040|mprojectid0000042|mviewerid0000038|mviewerid0000057,0.200000,106.799000,0.232991,0.809118,110.678240,0.000000,0.000000,true,73.735000,48,364.782000,"{""h4d-standard-192-1"":58}","{""h3-standard-88-1"":0,""h3-standard-88-2"":0,""h4d-highmem-192-1"":0,""h4d-standard-192-1"":0.019214}","[{""rank"":1,""recommended"":true,""feasible"":true,""budget_used"":0.232991,""budget_violation"":0,""makespan"":106.799,""deadline_violation"":0,""machine_signature"":""22f4a7ddf362efc1"",""weighted_score"":0.232991,""diversity_score"":0},{""rank"":2,""recommended"":false,""feasible"":true,""budget_used"":0.644697,""budget_violation"":0,""makespan"":94.316,""deadline_violation"":0,""machine_signature"":""0edbf7cf9f30fe13"",""weighted_score"":0.644697,""diversity_score"":1.413793},{""rank"":3,""recommended"":false,""feasible"":true,""budget_used"":0.682045,""budget_violation"":0,""makespan"":94.304,""deadline_violation"":0,""machine_signature"":""0d947b3f33a4a42e"",""weighted_score"":0.682045,""diversity_score"":1.431034}]"
prism_cc_time,cloud_hetero,8,maddid0000018|maddid0000037|maddid0000056|mbackgroundid0000014|mbackgroundid0000016|mbackgroundid0000032|mbackgroundid0000033|mbackgroundid0000035|mbackgroundid0000052|mbackgroundid0000053|mbgmodelid0000012|mbgmodelid0000031|mbgmodelid0000050|mdifffitid0000006|mdifffitid0000008|mdifffitid0000024|mdifffitid0000043|mdifffitid0000044|mdifffitid0000045|mimgtblid0000036|mprojectid0000003|mprojectid0000004|mprojectid0000020|mprojectid0000021|mprojectid0000039|mprojectid0000040|mprojectid0000042|mviewerid0000038|mviewerid0000057,0.200000,94.304000,0.682045,0.809118,110.678240,0.000000,0.000000,true,29.406000,21,364.782000,"{""h4d-highmem-192-1"":25,""h4d-standard-192-1"":33}","{""h3-standard-88-1"":0,""h3-standard-88-2"":0,""h4d-highmem-192-1"":0.009981,""h4d-standard-192-1"":0.009331}","[{""rank"":1,""recommended"":true,""feasible"":true,""budget_used"":0.682045,""budget_violation"":0,""makespan"":94.304,""deadline_violation"":0,""machine_signature"":""0d947b3f33a4a42e"",""weighted_score"":0.883005,""diversity_score"":1.431034},{""rank"":2,""recommended"":false,""feasible"":true,""budget_used"":0.644697,""budget_violation"":0,""makespan"":94.316,""deadline_violation"":0,""machine_signature"":""0edbf7cf9f30fe13"",""weighted_score"":0.883117,""diversity_score"":1.413793},{""rank"":3,""recommended"":false,""feasible"":true,""budget_used"":0.232991,""budget_violation"":0,""makespan"":106.799,""deadline_violation"":0,""machine_signature"":""22f4a7ddf362efc1"",""weighted_score"":1,""diversity_score"":0}]"
heft_colocation,cloud_homo,8,maddid0000018|maddid0000037|maddid0000056|mbackgroundid0000014|mbackgroundid0000016|mbackgroundid0000032|mbackgroundid0000033|mbackgroundid0000035|mbackgroundid0000052|mbackgroundid0000053|mbgmodelid0000012|mbgmodelid0000031|mbgmodelid0000050|mdifffitid0000006|mdifffitid0000008|mdifffitid0000024|mdifffitid0000043|mdifffitid0000044|mdifffitid0000045|mimgtblid0000036|mprojectid0000003|mprojectid0000004|mprojectid0000020|mprojectid0000021|mprojectid0000039|mprojectid0000040|mprojectid0000042|mviewerid0000038|mviewerid0000057,0.200000,88.371000,1.147238,1.344726,106.047360,0.000000,0.000000,true,7.608000,8,2.854000,"{""h4d-standard-192-1"":18,""h4d-standard-192-2"":13,""h4d-standard-192-3"":15,""h4d-standard-192-4"":12}","{""h4d-standard-192-1"":0.006068,""h4d-standard-192-2"":0.005463,""h4d-standard-192-3"":0.003535,""h4d-standard-192-4"":0.004258}",[]
prism_cc_cost,cloud_homo,8,maddid0000018|maddid0000037|maddid0000056|mbackgroundid0000014|mbackgroundid0000016|mbackgroundid0000032|mbackgroundid0000033|mbackgroundid0000035|mbackgroundid0000052|mbackgroundid0000053|mbgmodelid0000012|mbgmodelid0000031|mbgmodelid0000050|mdifffitid0000006|mdifffitid0000008|mdifffitid0000024|mdifffitid0000043|mdifffitid0000044|mdifffitid0000045|mimgtblid0000036|mprojectid0000003|mprojectid0000004|mprojectid0000020|mprojectid0000021|mprojectid0000039|mprojectid0000040|mprojectid0000042|mviewerid0000038|mviewerid0000057,0.200000,105.193000,0.229492,1.344726,106.047360,0.000000,0.000000,true,73.216000,41,403.375000,"{""h4d-standard-192-1"":58}","{""h4d-standard-192-1"":0.019482,""h4d-standard-192-2"":0,""h4d-standard-192-3"":0,""h4d-standard-192-4"":0}","[{""rank"":1,""recommended"":true,""feasible"":true,""budget_used"":0.229492,""budget_violation"":0,""makespan"":105.193,""deadline_violation"":0,""machine_signature"":""8a6764d957497ef8"",""weighted_score"":0.200039,""diversity_score"":0},{""rank"":2,""recommended"":false,""feasible"":true,""budget_used"":0.77945,""budget_violation"":0,""makespan"":88.924,""deadline_violation"":0,""machine_signature"":""82563cf44a420b1c"",""weighted_score"":0.679414,""diversity_score"":2.5},{""rank"":3,""recommended"":false,""feasible"":true,""budget_used"":1.143895,""budget_violation"":0,""makespan"":88.371,""deadline_violation"":0,""machine_signature"":""39640b6b6651efd6"",""weighted_score"":0.997086,""diversity_score"":3.706897},{""rank"":4,""recommended"":false,""feasible"":true,""budget_used"":1.147238,""budget_violation"":0,""makespan"":88.371,""deadline_violation"":0,""machine_signature"":""ad1c0f3425074131"",""weighted_score"":1,""diversity_score"":3.689655}]"
prism_cc_time,cloud_homo,8,maddid0000018|maddid0000037|maddid0000056|mbackgroundid0000014|mbackgroundid0000016|mbackgroundid0000032|mbackgroundid0000033|mbackgroundid0000035|mbackgroundid0000052|mbackgroundid0000053|mbgmodelid0000012|mbgmodelid0000031|mbgmodelid0000050|mdifffitid0000006|mdifffitid0000008|mdifffitid0000024|mdifffitid0000043|mdifffitid0000044|mdifffitid0000045|mimgtblid0000036|mprojectid0000003|mprojectid0000004|mprojectid0000020|mprojectid0000021|mprojectid0000039|mprojectid0000040|mprojectid0000042|mviewerid0000038|mviewerid0000057,0.200000,88.371000,1.143895,1.344726,106.047360,0.000000,0.000000,true,7.608000,8,403.375000,"{""h4d-standard-192-1"":17,""h4d-standard-192-2"":13,""h4d-standard-192-3"":15,""h4d-standard-192-4"":13}","{""h4d-standard-192-1"":0.006067,""h4d-standard-192-2"":0.005463,""h4d-standard-192-3"":0.003535,""h4d-standard-192-4"":0.004259}","[{""rank"":1,""recommended"":true,""feasible"":true,""budget_used"":1.143895,""budget_violation"":0,""makespan"":88.371,""deadline_violation"":0,""machine_signature"":""39640b6b6651efd6"",""weighted_score"":0.840084,""diversity_score"":3.706897},{""rank"":2,""recommended"":false,""feasible"":true,""budget_used"":1.147238,""budget_violation"":0,""makespan"":88.371,""deadline_violation"":0,""machine_signature"":""ad1c0f3425074131"",""weighted_score"":0.840084,""diversity_score"":3.689655},{""rank"":3,""recommended"":false,""feasible"":true,""budget_used"":0.77945,""budget_violation"":0,""makespan"":88.924,""deadline_violation"":0,""machine_signature"":""82563cf44a420b1c"",""weighted_score"":0.845341,""diversity_score"":2.5},{""rank"":4,""recommended"":false,""feasible"":true,""budget_used"":0.229492,""budget_violation"":0,""makespan"":105.193,""deadline_violation"":0,""machine_signature"":""8a6764d957497ef8"",""weighted_score"":1,""diversity_score"":0}]"
heft_colocation,cluster_hetero,8,maddid0000018|maddid0000037|maddid0000056|mbackgroundid0000014|mbackgroundid0000016|mbackgroundid0000032|mbackgroundid0000033|mbackgroundid0000035|mbackgroundid0000052|mbackgroundid0000053|mbgmodelid0000012|mbgmodelid0000031|mbgmodelid0000050|mdifffitid0000006|mdifffitid0000008|mdifffitid0000024|mdifffitid0000043|mdifffitid0000044|mdifffitid0000045|mimgtblid0000036|mprojectid0000003|mprojectid0000004|mprojectid0000020|mprojectid0000021|mprojectid0000039|mprojectid0000040|mprojectid0000042|mviewerid0000038|mviewerid0000057,0.200000,302.525000,0.000000,0.000000,346.902440,0.000000,0.000000,true,89.343000,12,0.957000,"{""bora005"":21,""bora006"":24,""diablo01"":6,""diablo02"":7}","{""bora005"":0.064033,""bora006"":0.091625,""diablo01"":0.005438,""diablo02"":0.005392}",[]
prism_cc_cost,cluster_hetero,8,maddid0000018|maddid0000037|maddid0000056|mbackgroundid0000014|mbackgroundid0000016|mbackgroundid0000032|mbackgroundid0000033|mbackgroundid0000035|mbackgroundid0000052|mbackgroundid0000053|mbgmodelid0000012|mbgmodelid0000031|mbgmodelid0000050|mdifffitid0000006|mdifffitid0000008|mdifffitid0000024|mdifffitid0000043|mdifffitid0000044|mdifffitid0000045|mimgtblid0000036|mprojectid0000003|mprojectid0000004|mprojectid0000020|mprojectid0000021|mprojectid0000039|mprojectid0000040|mprojectid0000042|mviewerid0000038|mviewerid0000057,0.200000,302.525000,0.000000,0.000000,346.902440,0.000000,0.000000,true,89.090000,11,185.040000,"{""bora005"":20,""bora006"":24,""diablo01"":7,""diablo02"":7}","{""bora005"":0.063893,""bora006"":0.091625,""diablo01"":0.00552,""diablo02"":0.005392}","[{""rank"":1,""recommended"":true,""feasible"":true,""budget_used"":0,""budget_violation"":0,""makespan"":302.525,""deadline_violation"":0,""machine_signature"":""c945e28bb11baefd"",""weighted_score"":0,""diversity_score"":3.586207},{""rank"":2,""recommended"":false,""feasible"":true,""budget_used"":0,""budget_violation"":0,""makespan"":302.525,""deadline_violation"":0,""machine_signature"":""3856cebe79673832"",""weighted_score"":0,""diversity_score"":3.586207}]"
prism_cc_time,cluster_hetero,8,maddid0000018|maddid0000037|maddid0000056|mbackgroundid0000014|mbackgroundid0000016|mbackgroundid0000032|mbackgroundid0000033|mbackgroundid0000035|mbackgroundid0000052|mbackgroundid0000053|mbgmodelid0000012|mbgmodelid0000031|mbgmodelid0000050|mdifffitid0000006|mdifffitid0000008|mdifffitid0000024|mdifffitid0000043|mdifffitid0000044|mdifffitid0000045|mimgtblid0000036|mprojectid0000003|mprojectid0000004|mprojectid0000020|mprojectid0000021|mprojectid0000039|mprojectid0000040|mprojectid0000042|mviewerid0000038|mviewerid0000057,0.200000,302.525000,0.000000,0.000000,346.902440,0.000000,0.000000,true,89.090000,11,185.040000,"{""bora005"":20,""bora006"":24,""diablo01"":7,""diablo02"":7}","{""bora005"":0.063893,""bora006"":0.091625,""diablo01"":0.00552,""diablo02"":0.005392}","[{""rank"":1,""recommended"":true,""feasible"":true,""budget_used"":0,""budget_violation"":0,""makespan"":302.525,""deadline_violation"":0,""machine_signature"":""c945e28bb11baefd"",""weighted_score"":1,""diversity_score"":3.586207},{""rank"":2,""recommended"":false,""feasible"":true,""budget_used"":0,""budget_violation"":0,""makespan"":302.525,""deadline_violation"":0,""machine_signature"":""3856cebe79673832"",""weighted_score"":1,""diversity_score"":3.586207}]"
heft_colocation,cluster_homo,8,maddid0000018|maddid0000037|maddid0000056|mbackgroundid0000014|mbackgroundid0000016|mbackgroundid0000032|mbackgroundid0000033|mbackgroundid0000035|mbackgroundid0000052|mbackgroundid0000053|mbgmodelid0000012|mbgmodelid0000031|mbgmodelid0000050|mdifffitid0000006|mdifffitid0000008|mdifffitid0000024|mdifffitid0000043|mdifffitid0000044|mdifffitid0000045|mimgtblid0000036|mprojectid0000003|mprojectid0000004|mprojectid0000020|mprojectid0000021|mprojectid0000039|mprojectid0000040|mprojectid0000042|mviewerid0000038|mviewerid0000057,0.200000,281.326000,0.000000,0.000000,337.591200,0.000000,0.000000,true,41.809000,7,0.775000,"{""bora001"":16,""bora002"":21,""bora003"":9,""bora004"":12}","{""bora001"":0.056182,""bora002"":0.052347,""bora003"":0.031393,""bora004"":0.039359}",[]
prism_cc_cost,cluster_homo,8,maddid0000018|maddid0000037|maddid0000056|mbackgroundid0000014|mbackgroundid0000016|mbackgroundid0000032|mbackgroundid0000033|mbackgroundid0000035|mbackgroundid0000052|mbackgroundid0000053|mbgmodelid0000012|mbgmodelid0000031|mbgmodelid0000050|mdifffitid0000006|mdifffitid0000008|mdifffitid0000024|mdifffitid0000043|mdifffitid0000044|mdifffitid0000045|mimgtblid0000036|mprojectid0000003|mprojectid0000004|mprojectid0000020|mprojectid0000021|mprojectid0000039|mprojectid0000040|mprojectid0000042|mviewerid0000038|mviewerid0000057,0.200000,281.326000,0.000000,0.000000,337.591200,0.000000,0.000000,true,41.809000,7,173.587000,"{""bora001"":16,""bora002"":21,""bora003"":9,""bora004"":12}","{""bora001"":0.056182,""bora002"":0.052347,""bora003"":0.031393,""bora004"":0.039359}","[{""rank"":1,""recommended"":true,""feasible"":true,""budget_used"":0,""budget_violation"":0,""makespan"":281.326,""deadline_violation"":0,""machine_signature"":""80f54d466006699d"",""weighted_score"":0,""diversity_score"":3.637931}]"
prism_cc_time,cluster_homo,8,maddid0000018|maddid0000037|maddid0000056|mbackgroundid0000014|mbackgroundid0000016|mbackgroundid0000032|mbackgroundid0000033|mbackgroundid0000035|mbackgroundid0000052|mbackgroundid0000053|mbgmodelid0000012|mbgmodelid0000031|mbgmodelid0000050|mdifffitid0000006|mdifffitid0000008|mdifffitid0000024|mdifffitid0000043|mdifffitid0000044|mdifffitid0000045|mimgtblid0000036|mprojectid0000003|mprojectid0000004|mprojectid0000020|mprojectid0000021|mprojectid0000039|mprojectid0000040|mprojectid0000042|mviewerid0000038|mviewerid0000057,0.200000,281.326000,0.000000,0.000000,337.591200,0.000000,0.000000,true,41.809000,7,173.587000,"{""bora001"":16,""bora002"":21,""bora003"":9,""bora004"":12}","{""bora001"":0.056182,""bora002"":0.052347,""bora003"":0.031393,""bora004"":0.039359}","[{""rank"":1,""recommended"":true,""feasible"":true,""budget_used"":0,""budget_violation"":0,""makespan"":281.326,""deadline_violation"":0,""machine_signature"":""80f54d466006699d"",""weighted_score"":1,""diversity_score"":3.637931}]"
heft_colocation,hybrid_hetero,8,maddid0000018|maddid0000037|maddid0000056|mbackgroundid0000014|mbackgroundid0000016|mbackgroundid0000032|mbackgroundid0000033|mbackgroundid0000035|mbackgroundid0000052|mbackgroundid0000053|mbgmodelid0000012|mbgmodelid0000031|mbgmodelid0000050|mdifffitid0000006|mdifffitid0000008|mdifffitid0000024|mdifffitid0000043|mdifffitid0000044|mdifffitid0000045|mimgtblid0000036|mprojectid0000003|mprojectid0000004|mprojectid0000020|mprojectid0000021|mprojectid0000039|mprojectid0000040|mprojectid0000042|mviewerid0000038|mviewerid0000057,0.200000,103.142000,0.511428,0.507908,117.111320,0.003500,0.000000,false,57.216000,26,1.594000,"{""bora011"":2,""diablo03"":1,""h3-standard-88-2"":12,""h4d-standard-192-7"":43}","{""bora011"":0.000494,""diablo03"":0.000187,""h3-standard-88-2"":0.003822,""h4d-standard-192-7"":0.018141}",[]
prism_cc_cost,hybrid_hetero,8,maddid0000018|maddid0000037|maddid0000056|mbackgroundid0000014|mbackgroundid0000016|mbackgroundid0000032|mbackgroundid0000033|mbackgroundid0000035|mbackgroundid0000052|mbackgroundid0000053|mbgmodelid0000012|mbgmodelid0000031|mbgmodelid0000050|mdifffitid0000006|mdifffitid0000008|mdifffitid0000024|mdifffitid0000043|mdifffitid0000044|mdifffitid0000045|mimgtblid0000036|mprojectid0000003|mprojectid0000004|mprojectid0000020|mprojectid0000021|mprojectid0000039|mprojectid0000040|mprojectid0000042|mviewerid0000038|mviewerid0000057,0.200000,107.094000,0.320056,0.507908,117.111320,0.000000,0.000000,true,57.255000,24,350.958000,"{""bora011"":15,""diablo03"":4,""h3-standard-88-2"":3,""h4d-standard-192-7"":36}","{""bora011"":0.005114,""diablo03"":0.001002,""h3-standard-88-2"":0.003109,""h4d-standard-192-7"":0.017403}","[{""rank"":1,""recommended"":true,""feasible"":true,""budget_used"":0.320056,""budget_violation"":0,""makespan"":107.094,""deadline_violation"":0,""machine_signature"":""f36487d7e298f30f"",""weighted_score"":0.320056,""diversity_score"":3.37931},{""rank"":2,""recommended"":false,""feasible"":true,""budget_used"":0.35173,""budget_violation"":0,""makespan"":104.162,""deadline_violation"":0,""machine_signature"":""3c1adde409686a83"",""weighted_score"":0.35173,""diversity_score"":3.310345},{""rank"":3,""recommended"":false,""feasible"":true,""budget_used"":0.472348,""budget_violation"":0,""makespan"":103.142,""deadline_violation"":0,""machine_signature"":""e7eb2fec37dcc42f"",""weighted_score"":0.472348,""diversity_score"":3.258621},{""rank"":4,""recommended"":false,""feasible"":false,""budget_used"":0.511428,""budget_violation"":0.0035,""makespan"":103.142,""deadline_violation"":0,""machine_signature"":""8c2fa5221be09058"",""weighted_score"":0.511428,""diversity_score"":3.258621}]"
prism_cc_time,hybrid_hetero,8,maddid0000018|maddid0000037|maddid0000056|mbackgroundid0000014|mbackgroundid0000016|mbackgroundid0000032|mbackgroundid0000033|mbackgroundid0000035|mbackgroundid0000052|mbackgroundid0000053|mbgmodelid0000012|mbgmodelid0000031|mbgmodelid0000050|mdifffitid0000006|mdifffitid0000008|mdifffitid0000024|mdifffitid0000043|mdifffitid0000044|mdifffitid0000045|mimgtblid0000036|mprojectid0000003|mprojectid0000004|mprojectid0000020|mprojectid0000021|mprojectid0000039|mprojectid0000040|mprojectid0000042|mviewerid0000038|mviewerid0000057,0.200000,103.142000,0.472348,0.507908,117.111320,0.000000,0.000000,true,57.216000,26,350.958000,"{""bora011"":3,""diablo03"":1,""h3-standard-88-2"":11,""h4d-standard-192-7"":43}","{""bora011"":0.000532,""diablo03"":0.000187,""h3-standard-88-2"":0.003816,""h4d-standard-192-7"":0.018141}","[{""rank"":1,""recommended"":true,""feasible"":true,""budget_used"":0.472348,""budget_violation"":0,""makespan"":103.142,""deadline_violation"":0,""machine_signature"":""e7eb2fec37dcc42f"",""weighted_score"":0.963098,""diversity_score"":3.258621},{""rank"":2,""recommended"":false,""feasible"":true,""budget_used"":0.35173,""budget_violation"":0,""makespan"":104.162,""deadline_violation"":0,""machine_signature"":""3c1adde409686a83"",""weighted_score"":0.972622,""diversity_score"":3.310345},{""rank"":3,""recommended"":false,""feasible"":true,""budget_used"":0.320056,""budget_violation"":0,""makespan"":107.094,""deadline_violation"":0,""machine_signature"":""f36487d7e298f30f"",""weighted_score"":1,""diversity_score"":3.37931},{""rank"":4,""recommended"":false,""feasible"":false,""budget_used"":0.511428,""budget_violation"":0.0035,""makespan"":103.142,""deadline_violation"":0,""machine_signature"":""8c2fa5221be09058"",""weighted_score"":0.963098,""diversity_score"":3.258621}]"
heft_colocation,hybrid_homo,8,maddid0000018|maddid0000037|maddid0000056|mbackgroundid0000014|mbackgroundid0000016|mbackgroundid0000032|mbackgroundid0000033|mbackgroundid0000035|mbackgroundid0000052|mbackgroundid0000053|mbgmodelid0000012|mbgmodelid0000031|mbgmodelid0000050|mdifffitid0000006|mdifffitid0000008|mdifffitid0000024|mdifffitid0000043|mdifffitid0000044|mdifffitid0000045|mimgtblid0000036|mprojectid0000003|mprojectid0000004|mprojectid0000020|mprojectid0000021|mprojectid0000039|mprojectid0000040|mprojectid0000042|mviewerid0000038|mviewerid0000057,0.200000,94.227000,0.632016,0.747528,110.602640,0.000000,0.000000,true,29.416000,21,2.496000,"{""bora009"":2,""bora010"":1,""h4d-standard-192-5"":31,""h4d-standard-192-6"":24}","{""bora009"":0.000541,""bora010"":0.000291,""h4d-standard-192-5"":0.009328,""h4d-standard-192-6"":0.009973}",[]
prism_cc_cost,hybrid_homo,8,maddid0000018|maddid0000037|maddid0000056|mbackgroundid0000014|mbackgroundid0000016|mbackgroundid0000032|mbackgroundid0000033|mbackgroundid0000035|mbackgroundid0000052|mbackgroundid0000053|mbgmodelid0000012|mbgmodelid0000031|mbgmodelid0000050|mdifffitid0000006|mdifffitid0000008|mdifffitid0000024|mdifffitid0000043|mdifffitid0000044|mdifffitid0000045|mimgtblid0000036|mprojectid0000003|mprojectid0000004|mprojectid0000020|mprojectid0000021|mprojectid0000039|mprojectid0000040|mprojectid0000042|mviewerid0000038|mviewerid0000057,0.200000,101.616000,0.330809,0.747528,110.602640,0.000000,0.000000,true,33.974000,17,365.596000,"{""bora009"":14,""bora010"":10,""h4d-standard-192-5"":30,""h4d-standard-192-6"":4}","{""bora009"":0.00428,""bora010"":0.004356,""h4d-standard-192-5"":0.013376,""h4d-standard-192-6"":0.004464}","[{""rank"":1,""recommended"":true,""feasible"":true,""budget_used"":0.330809,""budget_violation"":0,""makespan"":101.616,""deadline_violation"":0,""machine_signature"":""12fb49bd0a00dee5"",""weighted_score"":0.330809,""diversity_score"":3.482759},{""rank"":2,""recommended"":false,""feasible"":true,""budget_used"":0.384636,""budget_violation"":0,""makespan"":96.401,""deadline_violation"":0,""machine_signature"":""318b871db146ad25"",""weighted_score"":0.384636,""diversity_score"":3.482759},{""rank"":3,""recommended"":false,""feasible"":true,""budget_used"":0.587742,""budget_violation"":0,""makespan"":94.227,""deadline_violation"":0,""machine_signature"":""5f61854dcbf8da1f"",""weighted_score"":0.587742,""diversity_score"":3.465517},{""rank"":4,""recommended"":false,""feasible"":true,""budget_used"":0.632016,""budget_violation"":0,""makespan"":94.227,""deadline_violation"":0,""machine_signature"":""433b9ed2e42dde23"",""weighted_score"":0.632016,""diversity_score"":3.465517}]"
prism_cc_time,hybrid_homo,8,maddid0000018|maddid0000037|maddid0000056|mbackgroundid0000014|mbackgroundid0000016|mbackgroundid0000032|mbackgroundid0000033|mbackgroundid0000035|mbackgroundid0000052|mbackgroundid0000053|mbgmodelid0000012|mbgmodelid0000031|mbgmodelid0000050|mdifffitid0000006|mdifffitid0000008|mdifffitid0000024|mdifffitid0000043|mdifffitid0000044|mdifffitid0000045|mimgtblid0000036|mprojectid0000003|mprojectid0000004|mprojectid0000020|mprojectid0000021|mprojectid0000039|mprojectid0000040|mprojectid0000042|mviewerid0000038|mviewerid0000057,0.200000,94.227000,0.587742,0.747528,110.602640,0.000000,0.000000,true,29.416000,21,365.596000,"{""bora009"":2,""bora010"":3,""h4d-standard-192-5"":31,""h4d-standard-192-6"":22}","{""bora009"":0.000541,""bora010"":0.000998,""h4d-standard-192-5"":0.009323,""h4d-standard-192-6"":0.009953}","[{""rank"":1,""recommended"":true,""feasible"":true,""budget_used"":0.587742,""budget_violation"":0,""makespan"":94.227,""deadline_violation"":0,""machine_signature"":""5f61854dcbf8da1f"",""weighted_score"":0.927285,""diversity_score"":3.465517},{""rank"":2,""recommended"":false,""feasible"":true,""budget_used"":0.632016,""budget_violation"":0,""makespan"":94.227,""deadline_violation"":0,""machine_signature"":""433b9ed2e42dde23"",""weighted_score"":0.927285,""diversity_score"":3.465517},{""rank"":3,""recommended"":false,""feasible"":true,""budget_used"":0.384636,""budget_violation"":0,""makespan"":96.401,""deadline_violation"":0,""machine_signature"":""318b871db146ad25"",""weighted_score"":0.948679,""diversity_score"":3.482759},{""rank"":4,""recommended"":false,""feasible"":true,""budget_used"":0.330809,""budget_violation"":0,""makespan"":101.616,""deadline_violation"":0,""machine_signature"":""12fb49bd0a00dee5"",""weighted_score"":1,""diversity_score"":3.482759}]"
heft_colocation,cloud_hetero,9,maddid0000037|mbackgroundid0000013|mbackgroundid0000016|mbackgroundid0000032|mbackgroundid0000033|mbackgroundid0000052|mbackgroundid0000053|mbackgroundid0000054|mbgmodelid0000012|mbgmodelid0000031|mconcatfitid0000011|mconcatfitid0000030|mdifffitid0000005|mdifffitid0000008|mdifffitid0000009|mdifffitid0000010|mdifffitid0000028|mdifffitid0000029|mdifffitid0000046|mimgtblid0000055|mprojectid0000003|mprojectid0000004|mprojectid0000020|mprojectid0000022|mprojectid0000023|mprojectid0000040|mprojectid0000042|mviewerid0000038|mviewerid0000057,0.200000,90.960000,0.671943,0.809118,110.678240,0.000000,0.000000,true,34.270000,19,1.956000,"{""h4d-highmem-192-1"":26,""h4d-standard-192-1"":32}","{""h3-standard-88-1"":0,""h3-standard-88-2"":0,""h4d-highmem-192-1"":0.011505,""h4d-standard-192-1"":0.008795}",[]
prism_cc_cost,cloud_hetero,9,maddid0000037|mbackgroundid0000013|mbackgroundid0000016|mbackgroundid0000032|mbackgroundid0000033|mbackgroundid0000052|mbackgroundid0000053|mbackgroundid0000054|mbgmodelid0000012|mbgmodelid0000031|mconcatfitid0000011|mconcatfitid0000030|mdifffitid0000005|mdifffitid0000008|mdifffitid0000009|mdifffitid0000010|mdifffitid0000028|mdifffitid0000029|mdifffitid0000046|mimgtblid0000055|mprojectid0000003|mprojectid0000004|mprojectid0000020|mprojectid0000022|mprojectid0000023|mprojectid0000040|mprojectid0000042|mviewerid0000038|mviewerid0000057,0.200000,99.108000,0.216209,0.809118,110.678240,0.000000,0.000000,true,84.639000,37,431.721000,"{""h4d-standard-192-1"":58}","{""h3-standard-88-1"":0,""h3-standard-88-2"":0,""h4d-highmem-192-1"":0,""h4d-standard-192-1"":0.021278}","[{""rank"":1,""recommended"":true,""feasible"":true,""budget_used"":0.216209,""budget_violation"":0,""makespan"":99.108,""deadline_violation"":0,""machine_signature"":""ae60b3f694447765"",""weighted_score"":0.216209,""diversity_score"":0},{""rank"":2,""recommended"":false,""feasible"":true,""budget_used"":0.614851,""budget_violation"":0,""makespan"":90.96,""deadline_violation"":0,""machine_signature"":""ded4e3de9b89d86c"",""weighted_score"":0.614851,""diversity_score"":1.465517},{""rank"":3,""recommended"":false,""feasible"":true,""budget_used"":0.671943,""budget_violation"":0,""makespan"":90.96,""deadline_violation"":0,""machine_signature"":""62ff3cfaad0854c7"",""weighted_score"":0.671943,""diversity_score"":1.448276}]"
prism_cc_time,cloud_hetero,9,maddid0000037|mbackgroundid0000013|mbackgroundid0000016|mbackgroundid0000032|mbackgroundid0000033|mbackgroundid0000052|mbackgroundid0000053|mbackgroundid0000054|mbgmodelid0000012|mbgmodelid0000031|mconcatfitid0000011|mconcatfitid0000030|mdifffitid0000005|mdifffitid0000008|mdifffitid0000009|mdifffitid0000010|mdifffitid0000028|mdifffitid0000029|mdifffitid0000046|mimgtblid0000055|mprojectid0000003|mprojectid0000004|mprojectid0000020|mprojectid0000022|mprojectid0000023|mprojectid0000040|mprojectid0000042|mviewerid0000038|mviewerid0000057,0.200000,90.960000,0.614851,0.809118,110.678240,0.000000,0.000000,true,34.270000,19,431.721000,"{""h4d-highmem-192-1"":27,""h4d-standard-192-1"":31}","{""h3-standard-88-1"":0,""h3-standard-88-2"":0,""h4d-highmem-192-1"":0.011513,""h4d-standard-192-1"":0.008788}","[{""rank"":1,""recommended"":true,""feasible"":true,""budget_used"":0.614851,""budget_violation"":0,""makespan"":90.96,""deadline_violation"":0,""machine_signature"":""ded4e3de9b89d86c"",""weighted_score"":0.917787,""diversity_score"":1.465517},{""rank"":2,""recommended"":false,""feasible"":true,""budget_used"":0.671943,""budget_violation"":0,""makespan"":90.96,""deadline_violation"":0,""machine_signature"":""62ff3cfaad0854c7"",""weighted_score"":0.917787,""diversity_score"":1.448276},{""rank"":3,""recommended"":false,""feasible"":true,""budget_used"":0.216209,""budget_violation"":0,""makespan"":99.108,""deadline_violation"":0,""machine_signature"":""ae60b3f694447765"",""weighted_score"":1,""diversity_score"":0}]"
heft_colocation,cloud_homo,9,maddid0000037|mbackgroundid0000013|mbackgroundid0000016|mbackgroundid0000032|mbackgroundid0000033|mbackgroundid0000052|mbackgroundid0000053|mbackgroundid0000054|mbgmodelid0000012|mbgmodelid0000031|mconcatfitid0000011|mconcatfitid0000030|mdifffitid0000005|mdifffitid0000008|mdifffitid0000009|mdifffitid0000010|mdifffitid0000028|mdifffitid0000029|mdifffitid0000046|mimgtblid0000055|mprojectid0000003|mprojectid0000004|mprojectid0000020|mprojectid0000022|mprojectid0000023|mprojectid0000040|mprojectid0000042|mviewerid0000038|mviewerid0000057,0.200000,88.371000,1.133335,1.344726,106.047360,0.000000,0.000000,true,10.175000,10,2.969000,"{""h4d-standard-192-1"":18,""h4d-standard-192-2"":11,""h4d-standard-192-3"":15,""h4d-standard-192-4"":14}","{""h4d-standard-192-1"":0.005433,""h4d-standard-192-2"":0.002545,""h4d-standard-192-3"":0.0046,""h4d-standard-192-4"":0.006897}",[]
prism_cc_cost,cloud_homo,9,maddid0000037|mbackgroundid0000013|mbackgroundid0000016|mbackgroundid0000032|mbackgroundid0000033|mbackgroundid0000052|mbackgroundid0000053|mbackgroundid0000054|mbgmodelid0000012|mbgmodelid0000031|mconcatfitid0000011|mconcatfitid0000030|mdifffitid0000005|mdifffitid0000008|mdifffitid0000009|mdifffitid0000010|mdifffitid0000028|mdifffitid0000029|mdifffitid0000046|mimgtblid0000055|mprojectid0000003|mprojectid0000004|mprojectid0000020|mprojectid0000022|mprojectid0000023|mprojectid0000040|mprojectid0000042|mviewerid0000038|mviewerid0000057,0.200000,97.553000,0.212821,1.344726,106.047360,0.000000,0.000000,true,84.603000,37,444.080000,"{""h4d-standard-192-1"":58}","{""h4d-standard-192-1"":0.021616,""h4d-standard-192-2"":0,""h4d-standard-192-3"":0,""h4d-standard-192-4"":0}","[{""rank"":1,""recommended"":true,""feasible"":true,""budget_used"":0.212821,""budget_violation"":0,""makespan"":97.553,""deadline_violation"":0,""machine_signature"":""f5f10194c14cdfa6"",""weighted_score"":0.187783,""diversity_score"":0},{""rank"":2,""recommended"":false,""feasible"":true,""budget_used"":1.04713,""budget_violation"":0,""makespan"":88.485,""deadline_violation"":0,""machine_signature"":""a5ff7fba3ecf8e41"",""weighted_score"":0.923937,""diversity_score"":3.655172},{""rank"":3,""recommended"":false,""feasible"":true,""budget_used"":1.129981,""budget_violation"":0,""makespan"":88.371,""deadline_violation"":0,""machine_signature"":""920e9dc03fec4736"",""weighted_score"":0.997041,""diversity_score"":3.706897},{""rank"":4,""recommended"":false,""feasible"":true,""budget_used"":1.133335,""budget_violation"":0,""makespan"":88.371,""deadline_violation"":0,""machine_signature"":""8b3fc73cac4c4c83"",""weighted_score"":1,""diversity_score"":3.689655}]"
prism_cc_time,cloud_homo,9,maddid0000037|mbackgroundid0000013|mbackgroundid0000016|mbackgroundid0000032|mbackgroundid0000033|mbackgroundid0000052|mbackgroundid0000053|mbackgroundid0000054|mbgmodelid0000012|mbgmodelid0000031|mconcatfitid0000011|mconcatfitid0000030|mdifffitid0000005|mdifffitid0000008|mdifffitid0000009|mdifffitid0000010|mdifffitid0000028|mdifffitid0000029|mdifffitid0000046|mimgtblid0000055|mprojectid0000003|mprojectid0000004|mprojectid0000020|mprojectid0000022|mprojectid0000023|mprojectid0000040|mprojectid0000042|mviewerid0000038|mviewerid0000057,0.200000,88.371000,1.129981,1.344726,106.047360,0.000000,0.000000,true,10.175000,10,444.080000,"{""h4d-standard-192-1"":17,""h4d-standard-192-2"":11,""h4d-standard-192-3"":15,""h4d-standard-192-4"":15}","{""h4d-standard-192-1"":0.005431,""h4d-standard-192-2"":0.002545,""h4d-standard-192-3"":0.0046,""h4d-standard-192-4"":0.006899}","[{""rank"":1,""recommended"":true,""feasible"":true,""budget_used"":1.129981,""budget_violation"":0,""makespan"":88.371,""deadline_violation"":0,""machine_signature"":""920e9dc03fec4736"",""weighted_score"":0.905877,""diversity_score"":3.706897},{""rank"":2,""recommended"":false,""feasible"":true,""budget_used"":1.133335,""budget_violation"":0,""makespan"":88.371,""deadline_violation"":0,""machine_signature"":""8b3fc73cac4c4c83"",""weighted_score"":0.905877,""diversity_score"":3.689655},{""rank"":3,""recommended"":false,""feasible"":true,""budget_used"":1.04713,""budget_violation"":0,""makespan"":88.485,""deadline_violation"":0,""machine_signature"":""a5ff7fba3ecf8e41"",""weighted_score"":0.907045,""diversity_score"":3.655172},{""rank"":4,""recommended"":false,""feasible"":true,""budget_used"":0.212821,""budget_violation"":0,""makespan"":97.553,""deadline_violation"":0,""machine_signature"":""f5f10194c14cdfa6"",""weighted_score"":1,""diversity_score"":0}]"
heft_colocation,cluster_hetero,9,maddid0000037|mbackgroundid0000013|mbackgroundid0000016|mbackgroundid0000032|mbackgroundid0000033|mbackgroundid0000052|mbackgroundid0000053|mbackgroundid0000054|mbgmodelid0000012|mbgmodelid0000031|mconcatfitid0000011|mconcatfitid0000030|mdifffitid0000005|mdifffitid0000008|mdifffitid0000009|mdifffitid0000010|mdifffitid0000028|mdifffitid0000029|mdifffitid0000046|mimgtblid0000055|mprojectid0000003|mprojectid0000004|mprojectid0000020|mprojectid0000022|mprojectid0000023|mprojectid0000040|mprojectid0000042|mviewerid0000038|mviewerid0000057,0.200000,281.883000,0.000000,0.000000,346.902440,0.000000,0.000000,true,94.733000,9,1.469000,"{""bora005"":21,""bora006"":22,""diablo01"":7,""diablo02"":8}","{""bora005"":0.102494,""bora006"":0.060549,""diablo01"":0.008783,""diablo02"":0.006031}",[]
prism_cc_cost,cluster_hetero,9,maddid0000037|mbackgroundid0000013|mbackgroundid0000016|mbackgroundid0000032|mbackgroundid0000033|mbackgroundid0000052|mbackgroundid0000053|mbackgroundid0000054|mbgmodelid0000012|mbgmodelid0000031|mconcatfitid0000011|mconcatfitid0000030|mdifffitid0000005|mdifffitid0000008|mdifffitid0000009|mdifffitid0000010|mdifffitid0000028|mdifffitid0000029|mdifffitid0000046|mimgtblid0000055|mprojectid0000003|mprojectid0000004|mprojectid0000020|mprojectid0000022|mprojectid0000023|mprojectid0000040|mprojectid0000042|mviewerid0000038|mviewerid0000057,0.200000,281.883000,0.000000,0.000000,346.902440,0.000000,0.000000,true,94.733000,9,177.591000,"{""bora005"":21,""bora006"":22,""diablo01"":7,""diablo02"":8}","{""bora005"":0.102494,""bora006"":0.060549,""diablo01"":0.008783,""diablo02"":0.006031}","[{""rank"":1,""recommended"":true,""feasible"":true,""budget_used"":0,""budget_violation"":0,""makespan"":281.883,""deadline_violation"":0,""machine_signature"":""ae38f22767f28aad"",""weighted_score"":0,""diversity_score"":3.62069},{""rank"":2,""recommended"":false,""feasible"":true,""budget_used"":0,""budget_violation"":0,""makespan"":283.333,""deadline_violation"":0,""machine_signature"":""999212ea7bb3dfd2"",""weighted_score"":0,""diversity_score"":3.637931}]"
prism_cc_time,cluster_hetero,9,maddid0000037|mbackgroundid0000013|mbackgroundid0000016|mbackgroundid0000032|mbackgroundid0000033|mbackgroundid0000052|mbackgroundid0000053|mbackgroundid0000054|mbgmodelid0000012|mbgmodelid0000031|mconcatfitid0000011|mconcatfitid0000030|mdifffitid0000005|mdifffitid0000008|mdifffitid0000009|mdifffitid0000010|mdifffitid0000028|mdifffitid0000029|mdifffitid0000046|mimgtblid0000055|mprojectid0000003|mprojectid0000004|mprojectid0000020|mprojectid0000022|mprojectid0000023|mprojectid0000040|mprojectid0000042|mviewerid0000038|mviewerid0000057,0.200000,281.883000,0.000000,0.000000,346.902440,0.000000,0.000000,true,94.733000,9,177.591000,"{""bora005"":21,""bora006"":22,""diablo01"":7,""diablo02"":8}","{""bora005"":0.102494,""bora006"":0.060549,""diablo01"":0.008783,""diablo02"":0.006031}","[{""rank"":1,""recommended"":true,""feasible"":true,""budget_used"":0,""budget_violation"":0,""makespan"":281.883,""deadline_violation"":0,""machine_signature"":""ae38f22767f28aad"",""weighted_score"":0.994882,""diversity_score"":3.62069},{""rank"":2,""recommended"":false,""feasible"":true,""budget_used"":0,""budget_violation"":0,""makespan"":283.333,""deadline_violation"":0,""machine_signature"":""999212ea7bb3dfd2"",""weighted_score"":1,""diversity_score"":3.637931}]"
heft_colocation,cluster_homo,9,maddid0000037|mbackgroundid0000013|mbackgroundid0000016|mbackgroundid0000032|mbackgroundid0000033|mbackgroundid0000052|mbackgroundid0000053|mbackgroundid0000054|mbgmodelid0000012|mbgmodelid0000031|mconcatfitid0000011|mconcatfitid0000030|mdifffitid0000005|mdifffitid0000008|mdifffitid0000009|mdifffitid0000010|mdifffitid0000028|mdifffitid0000029|mdifffitid0000046|mimgtblid0000055|mprojectid0000003|mprojectid0000004|mprojectid0000020|mprojectid0000022|mprojectid0000023|mprojectid0000040|mprojectid0000042|mviewerid0000038|mviewerid0000057,0.200000,281.326000,0.000000,0.000000,337.591200,0.000000,0.000000,true,55.857000,9,0.818000,"{""bora001"":17,""bora002"":18,""bora003"":9,""bora004"":14}","{""bora001"":0.050414,""bora002"":0.025148,""bora003"":0.041292,""bora004"":0.063814}",[]
prism_cc_cost,cluster_homo,9,maddid0000037|mbackgroundid0000013|mbackgroundid0000016|mbackgroundid0000032|mbackgroundid0000033|mbackgroundid0000052|mbackgroundid0000053|mbackgroundid0000054|mbgmodelid0000012|mbgmodelid0000031|mconcatfitid0000011|mconcatfitid0000030|mdifffitid0000005|mdifffitid0000008|mdifffitid0000009|mdifffitid0000010|mdifffitid0000028|mdifffitid0000029|mdifffitid0000046|mimgtblid0000055|mprojectid0000003|mprojectid0000004|mprojectid0000020|mprojectid0000022|mprojectid0000023|mprojectid0000040|mprojectid0000042|mviewerid0000038|mviewerid0000057,0.200000,281.326000,0.000000,0.000000,337.591200,0.000000,0.000000,true,55.857000,9,163.009000,"{""bora001"":17,""bora002"":18,""bora003"":9,""bora004"":14}","{""bora001"":0.050414,""bora002"":0.025148,""bora003"":0.041292,""bora004"":0.063814}","[{""rank"":1,""recommended"":true,""feasible"":true,""budget_used"":0,""budget_violation"":0,""makespan"":281.326,""deadline_violation"":0,""machine_signature"":""76c402fd9118fd6b"",""weighted_score"":0,""diversity_score"":3.689655},{""rank"":2,""recommended"":false,""feasible"":true,""budget_used"":0,""budget_violation"":0,""makespan"":281.725,""deadline_violation"":0,""machine_signature"":""0a95d81d2492b820"",""weighted_score"":0,""diversity_score"":3.672414}]"
prism_cc_time,cluster_homo,9,maddid0000037|mbackgroundid0000013|mbackgroundid0000016|mbackgroundid0000032|mbackgroundid0000033|mbackgroundid0000052|mbackgroundid0000053|mbackgroundid0000054|mbgmodelid0000012|mbgmodelid0000031|mconcatfitid0000011|mconcatfitid0000030|mdifffitid0000005|mdifffitid0000008|mdifffitid0000009|mdifffitid0000010|mdifffitid0000028|mdifffitid0000029|mdifffitid0000046|mimgtblid0000055|mprojectid0000003|mprojectid0000004|mprojectid0000020|mprojectid0000022|mprojectid0000023|mprojectid0000040|mprojectid0000042|mviewerid0000038|mviewerid0000057,0.200000,281.326000,0.000000,0.000000,337.591200,0.000000,0.000000,true,55.857000,9,163.009000,"{""bora001"":17,""bora002"":18,""bora003"":9,""bora004"":14}","{""bora001"":0.050414,""bora002"":0.025148,""bora003"":0.041292,""bora004"":0.063814}","[{""rank"":1,""recommended"":true,""feasible"":true,""budget_used"":0,""budget_violation"":0,""makespan"":281.326,""deadline_violation"":0,""machine_signature"":""76c402fd9118fd6b"",""weighted_score"":0.998584,""diversity_score"":3.689655},{""rank"":2,""recommended"":false,""feasible"":true,""budget_used"":0,""budget_violation"":0,""makespan"":281.725,""deadline_violation"":0,""machine_signature"":""0a95d81d2492b820"",""weighted_score"":1,""diversity_score"":3.672414}]"
heft_colocation,hybrid_hetero,9,maddid0000037|mbackgroundid0000013|mbackgroundid0000016|mbackgroundid0000032|mbackgroundid0000033|mbackgroundid0000052|mbackgroundid0000053|mbackgroundid0000054|mbgmodelid0000012|mbgmodelid0000031|mconcatfitid0000011|mconcatfitid0000030|mdifffitid0000005|mdifffitid0000008|mdifffitid0000009|mdifffitid0000010|mdifffitid0000028|mdifffitid0000029|mdifffitid0000046|mimgtblid0000055|mprojectid0000003|mprojectid0000004|mprojectid0000020|mprojectid0000022|mprojectid0000023|mprojectid0000040|mprojectid0000042|mviewerid0000038|mviewerid0000057,0.200000,95.314000,0.479946,0.507908,117.111320,0.000000,0.000000,true,68.112000,27,1.653000,"{""bora011"":2,""diablo03"":1,""h3-standard-88-2"":12,""h4d-standard-192-7"":43}","{""bora011"":0.000534,""diablo03"":0.000202,""h3-standard-88-2"":0.004119,""h4d-standard-192-7"":0.020233}",[]
prism_cc_cost,hybrid_hetero,9,maddid0000037|mbackgroundid0000013|mbackgroundid0000016|mbackgroundid0000032|mbackgroundid0000033|mbackgroundid0000052|mbackgroundid0000053|mbackgroundid0000054|mbgmodelid0000012|mbgmodelid0000031|mconcatfitid0000011|mconcatfitid0000030|mdifffitid0000005|mdifffitid0000008|mdifffitid0000009|mdifffitid0000010|mdifffitid0000028|mdifffitid0000029|mdifffitid0000046|mimgtblid0000055|mprojectid0000003|mprojectid0000004|mprojectid0000020|mprojectid0000022|mprojectid0000023|mprojectid0000040|mprojectid0000042|mviewerid0000038|mviewerid0000057,0.200000,99.949000,0.320875,0.507908,117.111320,0.000000,0.000000,true,68.452000,28,352.003000,"{""bora011"":15,""diablo03"":5,""h3-standard-88-2"":5,""h4d-standard-192-7"":33}","{""bora011"":0.006013,""diablo03"":0.001156,""h3-standard-88-2"":0.00353,""h4d-standard-192-7"":0.019158}","[{""rank"":1,""recommended"":true,""feasible"":true,""budget_used"":0.320875,""budget_violation"":0,""makespan"":99.949,""deadline_violation"":0,""machine_signature"":""1cf64c7504535851"",""weighted_score"":0.320875,""diversity_score"":3.431034},{""rank"":2,""recommended"":false,""feasible"":true,""budget_used"":0.352679,""budget_violation"":0,""makespan"":95.314,""deadline_violation"":0,""machine_signature"":""972f2665bbd72b3d"",""weighted_score"":0.352679,""diversity_score"":3.224138},{""rank"":3,""recommended"":false,""feasible"":true,""budget_used"":0.479946,""budget_violation"":0,""makespan"":95.314,""deadline_violation"":0,""machine_signature"":""347d10de151b4cfb"",""weighted_score"":0.479946,""diversity_score"":3.258621}]"
prism_cc_time,hybrid_hetero,9,maddid0000037|mbackgroundid0000013|mbackgroundid0000016|mbackgroundid0000032|mbackgroundid0000033|mbackgroundid0000052|mbackgroundid0000053|mbackgroundid0000054|mbgmodelid0000012|mbgmodelid0000031|mconcatfitid0000011|mconcatfitid0000030|mdifffitid0000005|mdifffitid0000008|mdifffitid0000009|mdifffitid0000010|mdifffitid0000028|mdifffitid0000029|mdifffitid0000046|mimgtblid0000055|mprojectid0000003|mprojectid0000004|mprojectid0000020|mprojectid0000022|mprojectid0000023|mprojectid0000040|mprojectid0000042|mviewerid0000038|mviewerid0000057,0.200000,95.314000,0.352679,0.507908,117.111320,0.000000,0.000000,true,68.113000,27,352.003000,"{""bora011"":6,""diablo03"":2,""h3-standard-88-2"":5,""h4d-standard-192-7"":45}","{""bora011"":0.001316,""diablo03"":0.000462,""h3-standard-88-2"":0.003702,""h4d-standard-192-7"":0.020291}","[{""rank"":1,""recommended"":true,""feasible"":true,""budget_used"":0.352679,""budget_violation"":0,""makespan"":95.314,""deadline_violation"":0,""machine_signature"":""972f2665bbd72b3d"",""weighted_score"":0.953626,""diversity_score"":3.224138},{""rank"":2,""recommended"":false,""feasible"":true,""budget_used"":0.479946,""budget_violation"":0,""makespan"":95.314,""deadline_violation"":0,""machine_signature"":""347d10de151b4cfb"",""weighted_score"":0.953626,""diversity_score"":3.258621},{""rank"":3,""recommended"":false,""feasible"":true,""budget_used"":0.320875,""budget_violation"":0,""makespan"":99.949,""deadline_violation"":0,""machine_signature"":""1cf64c7504535851"",""weighted_score"":1,""diversity_score"":3.431034}]"
heft_colocation,hybrid_homo,9,maddid0000037|mbackgroundid0000013|mbackgroundid0000016|mbackgroundid0000032|mbackgroundid0000033|mbackgroundid0000052|mbackgroundid0000053|mbackgroundid0000054|mbgmodelid0000012|mbgmodelid0000031|mconcatfitid0000011|mconcatfitid0000030|mdifffitid0000005|mdifffitid0000008|mdifffitid0000009|mdifffitid0000010|mdifffitid0000028|mdifffitid0000029|mdifffitid0000046|mimgtblid0000055|mprojectid0000003|mprojectid0000004|mprojectid0000020|mprojectid0000022|mprojectid0000023|mprojectid0000040|mprojectid0000042|mviewerid0000038|mviewerid0000057,0.200000,90.904000,0.622876,0.747528,110.602640,0.000000,0.000000,true,34.270000,19,1.753000,"{""bora009"":2,""bora010"":1,""h4d-standard-192-5"":30,""h4d-standard-192-6"":25}","{""bora009"":0.00056,""bora010"":0.000302,""h4d-standard-192-5"":0.008789,""h4d-standard-192-6"":0.011495}",[]
prism_cc_cost,hybrid_homo,9,maddid0000037|mbackgroundid0000013|mbackgroundid0000016|mbackgroundid0000032|mbackgroundid0000033|mbackgroundid0000052|mbackgroundid0000053|mbackgroundid0000054|mbgmodelid0000012|mbgmodelid0000031|mconcatfitid0000011|mconcatfitid0000030|mdifffitid0000005|mdifffitid0000008|mdifffitid0000009|mdifffitid0000010|mdifffitid0000028|mdifffitid0000029|mdifffitid0000046|mimgtblid0000055|mprojectid0000003|mprojectid0000004|mprojectid0000020|mprojectid0000022|mprojectid0000023|mprojectid0000040|mprojectid0000042|mviewerid0000038|mviewerid0000057,0.200000,103.115000,0.304502,0.747528,110.602640,0.000000,0.000000,true,42.100000,14,415.209000,"{""bora009"":16,""bora010"":17,""h4d-standard-192-5"":23,""h4d-standard-192-6"":2}","{""bora009"":0.00608,""bora010"":0.007918,""h4d-standard-192-5"":0.013965,""h4d-standard-192-6"":0.003827}","[{""rank"":1,""recommended"":true,""feasible"":true,""budget_used"":0.304502,""budget_violation"":0,""makespan"":103.115,""deadline_violation"":0,""machine_signature"":""39c50b00184427cc"",""weighted_score"":0.304502,""diversity_score"":3.603448},{""rank"":2,""recommended"":false,""feasible"":true,""budget_used"":0.539866,""budget_violation"":0,""makespan"":90.904,""deadline_violation"":0,""machine_signature"":""2d228e22b16979f6"",""weighted_score"":0.539866,""diversity_score"":3.517241},{""rank"":3,""recommended"":false,""feasible"":true,""budget_used"":0.622876,""budget_violation"":0,""makespan"":90.904,""deadline_violation"":0,""machine_signature"":""cabdb7918dad7706"",""weighted_score"":0.622876,""diversity_score"":3.482759}]"
prism_cc_time,hybrid_homo,9,maddid0000037|mbackgroundid0000013|mbackgroundid0000016|mbackgroundid0000032|mbackgroundid0000033|mbackgroundid0000052|mbackgroundid0000053|mbackgroundid0000054|mbgmodelid0000012|mbgmodelid0000031|mconcatfitid0000011|mconcatfitid0000030|mdifffitid0000005|mdifffitid0000008|mdifffitid0000009|mdifffitid0000010|mdifffitid0000028|mdifffitid0000029|mdifffitid0000046|mimgtblid0000055|mprojectid0000003|mprojectid0000004|mprojectid0000020|mprojectid0000022|mprojectid0000023|mprojectid0000040|mprojectid0000042|mviewerid0000038|mviewerid0000057,0.200000,90.904000,0.539866,0.747528,110.602640,0.000000,0.000000,true,34.270000,19,415.209000,"{""bora009"":3,""bora010"":2,""h4d-standard-192-5"":28,""h4d-standard-192-6"":25}","{""bora009"":0.000604,""bora010"":0.000689,""h4d-standard-192-5"":0.00878,""h4d-standard-192-6"":0.011489}","[{""rank"":1,""recommended"":true,""feasible"":true,""budget_used"":0.539866,""budget_violation"":0,""makespan"":90.904,""deadline_violation"":0,""machine_signature"":""2d228e22b16979f6"",""weighted_score"":0.881579,""diversity_score"":3.517241},{""rank"":2,""recommended"":false,""feasible"":true,""budget_used"":0.622876,""budget_violation"":0,""makespan"":90.904,""deadline_violation"":0,""machine_signature"":""cabdb7918dad7706"",""weighted_score"":0.881579,""diversity_score"":3.482759},{""rank"":3,""recommended"":false,""feasible"":true,""budget_used"":0.304502,""budget_violation"":0,""makespan"":103.115,""deadline_violation"":0,""machine_signature"":""39c50b00184427cc"",""weighted_score"":1,""diversity_score"":3.603448}]"
heft_colocation,cloud_hetero,10,maddid0000018|maddid0000056|mbackgroundid0000013|mbackgroundid0000015|mbackgroundid0000016|mbackgroundid0000034|mbackgroundid0000052|mbackgroundid0000053|mbackgroundid0000054|mbgmodelid0000012|mbgmodelid0000031|mconcatfitid0000011|mconcatfitid0000049|mdifffitid0000006|mdifffitid0000026|mdifffitid0000027|mdifffitid0000044|mdifffitid0000045|mdifffitid0000046|mimgtblid0000017|mprojectid0000001|mprojectid0000003|mprojectid0000020|mprojectid0000021|mprojectid0000039|mprojectid0000041|mprojectid0000042|mviewerid0000019|mviewerid0000038,0.200000,95.081000,0.674758,0.809118,110.678240,0.000000,0.000000,true,28.407000,12,2.702000,"{""h4d-highmem-192-1"":23,""h4d-standard-192-1"":35}","{""h3-standard-88-1"":0,""h3-standard-88-2"":0,""h4d-highmem-192-1"":0.007882,""h4d-standard-192-1"":0.011217}",[]
prism_cc_cost,cloud_hetero,10,maddid0000018|maddid0000056|mbackgroundid0000013|mbackgroundid0000015|mbackgroundid0000016|mbackgroundid0000034|mbackgroundid0000052|mbackgroundid0000053|mbackgroundid0000054|mbgmodelid0000012|mbgmodelid0000031|mconcatfitid0000011|mconcatfitid0000049|mdifffitid0000006|mdifffitid0000026|mdifffitid0000027|mdifffitid0000044|mdifffitid0000045|mdifffitid0000046|mimgtblid0000017|mprojectid0000001|mprojectid0000003|mprojectid0000020|mprojectid0000021|mprojectid0000039|mprojectid0000041|mprojectid0000042|mviewerid0000019|mviewerid0000038,0.200000,106.799000,0.232994,0.809118,110.678240,0.000000,0.000000,true,72.139000,38,326.525000,"{""h4d-standard-192-1"":58}","{""h3-standard-88-1"":0,""h3-standard-88-2"":0,""h4d-highmem-192-1"":0,""h4d-standard-192-1"":0.019136}","[{""rank"":1,""recommended"":true,""feasible"":true,""budget_used"":0.232994,""budget_violation"":0,""makespan"":106.799,""deadline_violation"":0,""machine_signature"":""d296fb3fb2b99368"",""weighted_score"":0.232994,""diversity_score"":0},{""rank"":2,""recommended"":false,""feasible"":true,""budget_used"":0.617133,""budget_violation"":0,""makespan"":95.456,""deadline_violation"":0,""machine_signature"":""80c7fb83769a63d3"",""weighted_score"":0.617133,""diversity_score"":1.396552},{""rank"":3,""recommended"":false,""feasible"":true,""budget_used"":0.674758,""budget_violation"":0,""makespan"":95.081,""deadline_violation"":0,""machine_signature"":""8d46989d1882e751"",""weighted_score"":0.674758,""diversity_score"":1.396552}]"
prism_cc_time,cloud_hetero,10,maddid0000018|maddid0000056|mbackgroundid0000013|mbackgroundid0000015|mbackgroundid0000016|mbackgroundid0000034|mbackgroundid0000052|mbackgroundid0000053|mbackgroundid0000054|mbgmodelid0000012|mbgmodelid0000031|mconcatfitid0000011|mconcatfitid0000049|mdifffitid0000006|mdifffitid0000026|mdifffitid0000027|mdifffitid0000044|mdifffitid0000045|mdifffitid0000046|mimgtblid0000017|mprojectid0000001|mprojectid0000003|mprojectid0000020|mprojectid0000021|mprojectid0000039|mprojectid0000041|mprojectid0000042|mviewerid0000019|mviewerid0000038,0.200000,95.081000,0.674758,0.809118,110.678240,0.000000,0.000000,true,28.407000,12,326.525000,"{""h4d-highmem-192-1"":23,""h4d-standard-192-1"":35}","{""h3-standard-88-1"":0,""h3-standard-88-2"":0,""h4d-highmem-192-1"":0.007882,""h4d-standard-192-1"":0.011217}","[{""rank"":1,""recommended"":true,""feasible"":true,""budget_used"":0.674758,""budget_violation"":0,""makespan"":95.081,""deadline_violation"":0,""machine_signature"":""8d46989d1882e751"",""weighted_score"":0.89028,""diversity_score"":1.396552},{""rank"":2,""recommended"":false,""feasible"":true,""budget_used"":0.617133,""budget_violation"":0,""makespan"":95.456,""deadline_violation"":0,""machine_signature"":""80c7fb83769a63d3"",""weighted_score"":0.893791,""diversity_score"":1.396552},{""rank"":3,""recommended"":false,""feasible"":true,""budget_used"":0.232994,""budget_violation"":0,""makespan"":106.799,""deadline_violation"":0,""machine_signature"":""d296fb3fb2b99368"",""weighted_score"":1,""diversity_score"":0}]"
heft_colocation,cloud_homo,10,maddid0000018|maddid0000056|mbackgroundid0000013|mbackgroundid0000015|mbackgroundid0000016|mbackgroundid0000034|mbackgroundid0000052|mbackgroundid0000053|mbackgroundid0000054|mbgmodelid0000012|mbgmodelid0000031|mconcatfitid0000011|mconcatfitid0000049|mdifffitid0000006|mdifffitid0000026|mdifffitid0000027|mdifffitid0000044|mdifffitid0000045|mdifffitid0000046|mimgtblid0000017|mprojectid0000001|mprojectid0000003|mprojectid0000020|mprojectid0000021|mprojectid0000039|mprojectid0000041|mprojectid0000042|mviewerid0000019|mviewerid0000038,0.200000,88.371000,1.121746,1.344726,106.047360,0.000000,0.000000,true,7.414000,4,3.294000,"{""h4d-standard-192-1"":16,""h4d-standard-192-2"":18,""h4d-standard-192-3"":14,""h4d-standard-192-4"":10}","{""h4d-standard-192-1"":0.003746,""h4d-standard-192-2"":0.006616,""h4d-standard-192-3"":0.005842,""h4d-standard-192-4"":0.003108}",[]
prism_cc_cost,cloud_homo,10,maddid0000018|maddid0000056|mbackgroundid0000013|mbackgroundid0000015|mbackgroundid0000016|mbackgroundid0000034|mbackgroundid0000052|mbackgroundid0000053|mbackgroundid0000054|mbgmodelid0000012|mbgmodelid0000031|mconcatfitid0000011|mconcatfitid0000049|mdifffitid0000006|mdifffitid0000026|mdifffitid0000027|mdifffitid0000044|mdifffitid0000045|mdifffitid0000046|mimgtblid0000017|mprojectid0000001|mprojectid0000003|mprojectid0000020|mprojectid0000021|mprojectid0000039|mprojectid0000041|mprojectid0000042|mviewerid0000019|mviewerid0000038,0.200000,105.468000,0.230083,1.344726,106.047360,0.000000,0.000000,true,72.109000,39,384.563000,"{""h4d-standard-192-1"":58}","{""h4d-standard-192-1"":0.019376,""h4d-standard-192-2"":0,""h4d-standard-192-3"":0,""h4d-standard-192-4"":0}","[{""rank"":1,""recommended"":true,""feasible"":true,""budget_used"":0.230083,""budget_violation"":0,""makespan"":105.468,""deadline_violation"":0,""machine_signature"":""c9608c0c5b07603f"",""weighted_score"":0.205111,""diversity_score"":0},{""rank"":2,""recommended"":false,""feasible"":true,""budget_used"":0.767826,""budget_violation"":0,""makespan"":88.924,""deadline_violation"":0,""machine_signature"":""dd8121ce3b7511b6"",""weighted_score"":0.684492,""diversity_score"":2.431034},{""rank"":3,""recommended"":false,""feasible"":true,""budget_used"":1.118396,""budget_violation"":0,""makespan"":88.371,""deadline_violation"":0,""machine_signature"":""d1ab3cf4740b534d"",""weighted_score"":0.997014,""diversity_score"":3.689655},{""rank"":4,""recommended"":false,""feasible"":true,""budget_used"":1.121746,""budget_violation"":0,""makespan"":88.371,""deadline_violation"":0,""machine_signature"":""920b98e5bd56a4de"",""weighted_score"":1,""diversity_score"":3.689655}]"
prism_cc_time,cloud_homo,10,maddid0000018|maddid0000056|mbackgroundid0000013|mbackgroundid0000015|mbackgroundid0000016|mbackgroundid0000034|mbackgroundid0000052|mbackgroundid0000053|mbackgroundid0000054|mbgmodelid0000012|mbgmodelid0000031|mconcatfitid0000011|mconcatfitid0000049|mdifffitid0000006|mdifffitid0000026|mdifffitid0000027|mdifffitid0000044|mdifffitid0000045|mdifffitid0000046|mimgtblid0000017|mprojectid0000001|mprojectid0000003|mprojectid0000020|mprojectid0000021|mprojectid0000039|mprojectid0000041|mprojectid0000042|mviewerid0000019|mviewerid0000038,0.200000,88.371000,1.118396,1.344726,106.047360,0.000000,0.000000,true,7.414000,4,384.563000,"{""h4d-standard-192-1"":15,""h4d-standard-192-2"":18,""h4d-standard-192-3"":14,""h4d-standard-192-4"":11}","{""h4d-standard-192-1"":0.003745,""h4d-standard-192-2"":0.006616,""h4d-standard-192-3"":0.005842,""h4d-standard-192-4"":0.00311}","[{""rank"":1,""recommended"":true,""feasible"":true,""budget_used"":1.118396,""budget_violation"":0,""makespan"":88.371,""deadline_violation"":0,""machine_signature"":""d1ab3cf4740b534d"",""weighted_score"":0.837894,""diversity_score"":3.689655},{""rank"":2,""recommended"":false,""feasible"":true,""budget_used"":1.121746,""budget_violation"":0,""makespan"":88.371,""deadline_violation"":0,""machine_signature"":""920b98e5bd56a4de"",""weighted_score"":0.837894,""diversity_score"":3.689655},{""rank"":3,""recommended"":false,""feasible"":true,""budget_used"":0.767826,""budget_violation"":0,""makespan"":88.924,""deadline_violation"":0,""machine_signature"":""dd8121ce3b7511b6"",""weighted_score"":0.843137,""diversity_score"":2.431034},{""rank"":4,""recommended"":false,""feasible"":true,""budget_used"":0.230083,""budget_violation"":0,""makespan"":105.468,""deadline_violation"":0,""machine_signature"":""c9608c0c5b07603f"",""weighted_score"":1,""diversity_score"":0}]"
heft_colocation,cluster_hetero,10,maddid0000018|maddid0000056|mbackgroundid0000013|mbackgroundid0000015|mbackgroundid0000016|mbackgroundid0000034|mbackgroundid0000052|mbackgroundid0000053|mbackgroundid0000054|mbgmodelid0000012|mbgmodelid0000031|mconcatfitid0000011|mconcatfitid0000049|mdifffitid0000006|mdifffitid0000026|mdifffitid0000027|mdifffitid0000044|mdifffitid0000045|mdifffitid0000046|mimgtblid0000017|mprojectid0000001|mprojectid0000003|mprojectid0000020|mprojectid0000021|mprojectid0000039|mprojectid0000041|mprojectid0000042|mviewerid0000019|mviewerid0000038,0.200000,304.107000,0.000000,0.000000,346.902440,0.000000,0.000000,true,88.808000,13,1.150000,"{""bora005"":19,""bora006"":29,""diablo01"":5,""diablo02"":5}","{""bora005"":0.065171,""bora006"":0.090376,""diablo01"":0.005039,""diablo02"":0.00521}",[]
prism_cc_cost,cluster_hetero,10,maddid0000018|maddid0000056|mbackgroundid0000013|mbackgroundid0000015|mbackgroundid0000016|mbackgroundid0000034|mbackgroundid0000052|mbackgroundid0000053|mbackgroundid0000054|mbgmodelid0000012|mbgmodelid0000031|mconcatfitid0000011|mconcatfitid0000049|mdifffitid0000006|mdifffitid0000026|mdifffitid0000027|mdifffitid0000044|mdifffitid0000045|mdifffitid0000046|mimgtblid0000017|mprojectid0000001|mprojectid0000003|mprojectid0000020|mprojectid0000021|mprojectid0000039|mprojectid0000041|mprojectid0000042|mviewerid0000019|mviewerid0000038,0.200000,304.107000,0.000000,0.000000,346.902440,0.000000,0.000000,true,88.046000,11,182.676000,"{""bora005"":18,""bora006"":28,""diablo01"":5,""diablo02"":7}","{""bora005"":0.064831,""bora006"":0.09026,""diablo01"":0.005039,""diablo02"":0.005482}","[{""rank"":1,""recommended"":true,""feasible"":true,""budget_used"":0,""budget_violation"":0,""makespan"":304.107,""deadline_violation"":0,""machine_signature"":""bf26970fc18e6c73"",""weighted_score"":0,""diversity_score"":3.517241},{""rank"":2,""recommended"":false,""feasible"":true,""budget_used"":0,""budget_violation"":0,""makespan"":304.107,""deadline_violation"":0,""machine_signature"":""0fdd88c9c6e1d542"",""weighted_score"":0,""diversity_score"":3.5},{""rank"":3,""recommended"":false,""feasible"":true,""budget_used"":0,""budget_violation"":0,""makespan"":304.519,""deadline_violation"":0,""machine_signature"":""7db3b44dfaca3b0f"",""weighted_score"":0,""diversity_score"":3.534483}]"
prism_cc_time,cluster_hetero,10,maddid0000018|maddid0000056|mbackgroundid0000013|mbackgroundid0000015|mbackgroundid0000016|mbackgroundid0000034|mbackgroundid0000052|mbackgroundid0000053|mbackgroundid0000054|mbgmodelid0000012|mbgmodelid0000031|mconcatfitid0000011|mconcatfitid0000049|mdifffitid0000006|mdifffitid0000026|mdifffitid0000027|mdifffitid0000044|mdifffitid0000045|mdifffitid0000046|mimgtblid0000017|mprojectid0000001|mprojectid0000003|mprojectid0000020|mprojectid0000021|mprojectid0000039|mprojectid0000041|mprojectid0000042|mviewerid0000019|mviewerid0000038,0.200000,304.107000,0.000000,0.000000,346.902440,0.000000,0.000000,true,88.046000,11,182.676000,"{""bora005"":18,""bora006"":28,""diablo01"":5,""diablo02"":7}","{""bora005"":0.064831,""bora006"":0.09026,""diablo01"":0.005039,""diablo02"":0.005482}","[{""rank"":1,""recommended"":true,""feasible"":true,""budget_used"":0,""budget_violation"":0,""makespan"":304.107,""deadline_violation"":0,""machine_signature"":""bf26970fc18e6c73"",""weighted_score"":0.998647,""diversity_score"":3.517241},{""rank"":2,""recommended"":false,""feasible"":true,""budget_used"":0,""budget_violation"":0,""makespan"":304.107,""deadline_violation"":0,""machine_signature"":""0fdd88c9c6e1d542"",""weighted_score"":0.998647,""diversity_score"":3.5},{""rank"":3,""recommended"":false,""feasible"":true,""budget_used"":0,""budget_violation"":0,""makespan"":304.519,""deadline_violation"":0,""machine_signature"":""7db3b44dfaca3b0f"",""weighted_score"":1,""diversity_score"":3.534483}]"
heft_colocation,cluster_homo,10,maddid0000018|maddid0000056|mbackgroundid0000013|mbackgroundid0000015|mbackgroundid0000016|mbackgroundid0000034|mbackgroundid0000052|mbackgroundid0000053|mbackgroundid0000054|mbgmodelid0000012|mbgmodelid0000031|mconcatfitid0000011|mconcatfitid0000049|mdifffitid0000006|mdifffitid0000026|mdifffitid0000027|mdifffitid0000044|mdifffitid0000045|mdifffitid0000046|mimgtblid0000017|mprojectid0000001|mprojectid0000003|mprojectid0000020|mprojectid0000021|mprojectid0000039|mprojectid0000041|mprojectid0000042|mviewerid0000019|mviewerid0000038,0.200000,281.326000,0.000000,0.000000,337.591200,0.000000,0.000000,true,41.951000,8,0.816000,"{""bora001"":14,""bora002"":16,""bora003"":17,""bora004"":11}","{""bora001"":0.034555,""bora002"":0.061059,""bora003"":0.054809,""bora004"":0.028872}",[]
prism_cc_cost,cluster_homo,10,maddid0000018|maddid0000056|mbackgroundid0000013|mbackgroundid0000015|mbackgroundid0000016|mbackgroundid0000034|mbackgroundid0000052|mbackgroundid0000053|mbackgroundid0000054|mbgmodelid0000012|mbgmodelid0000031|mconcatfitid0000011|mconcatfitid0000049|mdifffitid0000006|mdifffitid0000026|mdifffitid0000027|mdifffitid0000044|mdifffitid0000045|mdifffitid0000046|mimgtblid0000017|mprojectid0000001|mprojectid0000003|mprojectid0000020|mprojectid0000021|mprojectid0000039|mprojectid0000041|mprojectid0000042|mviewerid0000019|mviewerid0000038,0.200000,281.326000,0.000000,0.000000,337.591200,0.000000,0.000000,true,40.598000,3,163.918000,"{""bora001"":12,""bora002"":14,""bora003"":21,""bora004"":11}","{""bora001"":0.034204,""bora002"":0.060455,""bora003"":0.05563,""bora004"":0.028872}","[{""rank"":1,""recommended"":true,""feasible"":true,""budget_used"":0,""budget_violation"":0,""makespan"":281.326,""deadline_violation"":0,""machine_signature"":""b77d12690e6fe870"",""weighted_score"":0,""diversity_score"":3.637931},{""rank"":2,""recommended"":false,""feasible"":true,""budget_used"":0,""budget_violation"":0,""makespan"":281.326,""deadline_violation"":0,""machine_signature"":""7000f375e22204eb"",""weighted_score"":0,""diversity_score"":3.706897}]"
prism_cc_time,cluster_homo,10,maddid0000018|maddid0000056|mbackgroundid0000013|mbackgroundid0000015|mbackgroundid0000016|mbackgroundid0000034|mbackgroundid0000052|mbackgroundid0000053|mbackgroundid0000054|mbgmodelid0000012|mbgmodelid0000031|mconcatfitid0000011|mconcatfitid0000049|mdifffitid0000006|mdifffitid0000026|mdifffitid0000027|mdifffitid0000044|mdifffitid0000045|mdifffitid0000046|mimgtblid0000017|mprojectid0000001|mprojectid0000003|mprojectid0000020|mprojectid0000021|mprojectid0000039|mprojectid0000041|mprojectid0000042|mviewerid0000019|mviewerid0000038,0.200000,281.326000,0.000000,0.000000,337.591200,0.000000,0.000000,true,40.598000,3,163.918000,"{""bora001"":12,""bora002"":14,""bora003"":21,""bora004"":11}","{""bora001"":0.034204,""bora002"":0.060455,""bora003"":0.05563,""bora004"":0.028872}","[{""rank"":1,""recommended"":true,""feasible"":true,""budget_used"":0,""budget_violation"":0,""makespan"":281.326,""deadline_violation"":0,""machine_signature"":""b77d12690e6fe870"",""weighted_score"":1,""diversity_score"":3.637931},{""rank"":2,""recommended"":false,""feasible"":true,""budget_used"":0,""budget_violation"":0,""makespan"":281.326,""deadline_violation"":0,""machine_signature"":""7000f375e22204eb"",""weighted_score"":1,""diversity_score"":3.706897}]"
heft_colocation,hybrid_hetero,10,maddid0000018|maddid0000056|mbackgroundid0000013|mbackgroundid0000015|mbackgroundid0000016|mbackgroundid0000034|mbackgroundid0000052|mbackgroundid0000053|mbackgroundid0000054|mbgmodelid0000012|mbgmodelid0000031|mconcatfitid0000011|mconcatfitid0000049|mdifffitid0000006|mdifffitid0000026|mdifffitid0000027|mdifffitid0000044|mdifffitid0000045|mdifffitid0000046|mimgtblid0000017|mprojectid0000001|mprojectid0000003|mprojectid0000020|mprojectid0000021|mprojectid0000039|mprojectid0000041|mprojectid0000042|mviewerid0000019|mviewerid0000038,0.200000,102.859000,0.509613,0.507908,117.111320,0.001700,0.000000,false,56.167000,24,2.469000,"{""bora011"":2,""diablo03"":1,""h3-standard-88-2"":11,""h4d-standard-192-7"":44}","{""bora011"":0.000495,""diablo03"":0.000187,""h3-standard-88-2"":0.003684,""h4d-standard-192-7"":0.018175}",[]
prism_cc_cost,hybrid_hetero,10,maddid0000018|maddid0000056|mbackgroundid0000013|mbackgroundid0000015|mbackgroundid0000016|mbackgroundid0000034|mbackgroundid0000052|mbackgroundid0000053|mbackgroundid0000054|mbgmodelid0000012|mbgmodelid0000031|mconcatfitid0000011|mconcatfitid0000049|mdifffitid0000006|mdifffitid0000026|mdifffitid0000027|mdifffitid0000044|mdifffitid0000045|mdifffitid0000046|mimgtblid0000017|mprojectid0000001|mprojectid0000003|mprojectid0000020|mprojectid0000021|mprojectid0000039|mprojectid0000041|mprojectid0000042|mviewerid0000019|mviewerid0000038,0.200000,110.457000,0.290124,0.507908,117.111320,0.000000,0.000000,true,56.364000,22,319.726000,"{""bora011"":16,""diablo03"":9,""h3-standard-88-2"":3,""h4d-standard-192-7"":30}","{""bora011"":0.004753,""diablo03"":0.00275,""h3-standard-88-2"":0.003014,""h4d-standard-192-7"":0.016745}","[{""rank"":1,""recommended"":true,""feasible"":true,""budget_used"":0.290124,""budget_violation"":0,""makespan"":110.457,""deadline_violation"":0,""machine_signature"":""678aced5b213df75"",""weighted_score"":0.290124,""diversity_score"":3.482759},{""rank"":2,""recommended"":false,""feasible"":true,""budget_used"":0.333399,""budget_violation"":0,""makespan"":105.769,""deadline_violation"":0,""machine_signature"":""d0d977f82d8478b7"",""weighted_score"":0.333399,""diversity_score"":3.327586},{""rank"":3,""recommended"":false,""feasible"":true,""budget_used"":0.351611,""budget_violation"":0,""makespan"":104.108,""deadline_violation"":0,""machine_signature"":""754350f78b2e7a20"",""weighted_score"":0.351611,""diversity_score"":3.293103},{""rank"":4,""recommended"":false,""feasible"":true,""budget_used"":0.471037,""budget_violation"":0,""makespan"":102.859,""deadline_violation"":0,""machine_signature"":""84fe6e87b4c738f8"",""weighted_score"":0.471037,""diversity_score"":3.241379},{""rank"":5,""recommended"":false,""feasible"":false,""budget_used"":0.509613,""budget_violation"":0.0017,""makespan"":102.859,""deadline_violation"":0,""machine_signature"":""c62ffe504f080cc8"",""weighted_score"":0.509613,""diversity_score"":3.241379}]"
prism_cc_time,hybrid_hetero,10,maddid0000018|maddid0000056|mbackgroundid0000013|mbackgroundid0000015|mbackgroundid0000016|mbackgroundid0000034|mbackgroundid0000052|mbackgroundid0000053|mbackgroundid0000054|mbgmodelid0000012|mbgmodelid0000031|mconcatfitid0000011|mconcatfitid0000049|mdifffitid0000006|mdifffitid0000026|mdifffitid0000027|mdifffitid0000044|mdifffitid0000045|mdifffitid0000046|mimgtblid0000017|mprojectid0000001|mprojectid0000003|mprojectid0000020|mprojectid0000021|mprojectid0000039|mprojectid0000041|mprojectid0000042|mviewerid0000019|mviewerid0000038,0.200000,102.859000,0.471037,0.507908,117.111320,0.000000,0.000000,true,56.167000,24,319.726000,"{""bora011"":3,""diablo03"":1,""h3-standard-88-2"":10,""h4d-standard-192-7"":44}","{""bora011"":0.000533,""diablo03"":0.000187,""h3-standard-88-2"":0.003679,""h4d-standard-192-7"":0.018175}","[{""rank"":1,""recommended"":true,""feasible"":true,""budget_used"":0.471037,""budget_violation"":0,""makespan"":102.859,""deadline_violation"":0,""machine_signature"":""84fe6e87b4c738f8"",""weighted_score"":0.931213,""diversity_score"":3.241379},{""rank"":2,""recommended"":false,""feasible"":true,""budget_used"":0.351611,""budget_violation"":0,""makespan"":104.108,""deadline_violation"":0,""machine_signature"":""754350f78b2e7a20"",""weighted_score"":0.942521,""diversity_score"":3.293103},{""rank"":3,""recommended"":false,""feasible"":true,""budget_used"":0.333399,""budget_violation"":0,""makespan"":105.769,""deadline_violation"":0,""machine_signature"":""d0d977f82d8478b7"",""weighted_score"":0.957558,""diversity_score"":3.327586},{""rank"":4,""recommended"":false,""feasible"":true,""budget_used"":0.290124,""budget_violation"":0,""makespan"":110.457,""deadline_violation"":0,""machine_signature"":""678aced5b213df75"",""weighted_score"":1,""diversity_score"":3.482759},{""rank"":5,""recommended"":false,""feasible"":false,""budget_used"":0.509613,""budget_violation"":0.0017,""makespan"":102.859,""deadline_violation"":0,""machine_signature"":""c62ffe504f080cc8"",""weighted_score"":0.931213,""diversity_score"":3.241379}]"
heft_colocation,hybrid_homo,10,maddid0000018|maddid0000056|mbackgroundid0000013|mbackgroundid0000015|mbackgroundid0000016|mbackgroundid0000034|mbackgroundid0000052|mbackgroundid0000053|mbackgroundid0000054|mbgmodelid0000012|mbgmodelid0000031|mconcatfitid0000011|mconcatfitid0000049|mdifffitid0000006|mdifffitid0000026|mdifffitid0000027|mdifffitid0000044|mdifffitid0000045|mdifffitid0000046|mimgtblid0000017|mprojectid0000001|mprojectid0000003|mprojectid0000020|mprojectid0000021|mprojectid0000039|mprojectid0000041|mprojectid0000042|mviewerid0000019|mviewerid0000038,0.200000,95.004000,0.618702,0.747528,110.602640,0.000000,0.000000,true,28.336000,11,1.603000,"{""bora009"":2,""bora010"":1,""h4d-standard-192-5"":33,""h4d-standard-192-6"":22}","{""bora009"":0.000536,""bora010"":0.000289,""h4d-standard-192-5"":0.011211,""h4d-standard-192-6"":0.007872}",[]
prism_cc_cost,hybrid_homo,10,maddid0000018|maddid0000056|mbackgroundid0000013|mbackgroundid0000015|mbackgroundid0000016|mbackgroundid0000034|mbackgroundid0000052|mbackgroundid0000053|mbackgroundid0000054|mbgmodelid0000012|mbgmodelid0000031|mconcatfitid0000011|mconcatfitid0000049|mdifffitid0000006|mdifffitid0000026|mdifffitid0000027|mdifffitid0000044|mdifffitid0000045|mdifffitid0000046|mimgtblid0000017|mprojectid0000001|mprojectid0000003|mprojectid0000020|mprojectid0000021|mprojectid0000039|mprojectid0000041|mprojectid0000042|mviewerid0000019|mviewerid0000038,0.200000,96.827000,0.437186,0.747528,110.602640,0.000000,0.000000,true,28.397000,12,376.286000,"{""bora009"":7,""bora010"":5,""h4d-standard-192-5"":28,""h4d-standard-192-6"":18}","{""bora009"":0.00089,""bora010"":0.001942,""h4d-standard-192-5"":0.010959,""h4d-standard-192-6"":0.0077}","[{""rank"":1,""recommended"":true,""feasible"":true,""budget_used"":0.437186,""budget_violation"":0,""makespan"":96.827,""deadline_violation"":0,""machine_signature"":""62987fadb41f2500"",""weighted_score"":0.437186,""diversity_score"":3.517241},{""rank"":2,""recommended"":false,""feasible"":true,""budget_used"":0.45916,""budget_violation"":0,""makespan"":95.719,""deadline_violation"":0,""machine_signature"":""d267d09ccdc8d0ee"",""weighted_score"":0.45916,""diversity_score"":3.517241},{""rank"":3,""recommended"":false,""feasible"":true,""budget_used"":0.609758,""budget_violation"":0,""makespan"":95.004,""deadline_violation"":0,""machine_signature"":""c83beb013e23d66d"",""weighted_score"":0.609758,""diversity_score"":3.448276},{""rank"":4,""recommended"":false,""feasible"":true,""budget_used"":0.618702,""budget_violation"":0,""makespan"":95.004,""deadline_violation"":0,""machine_signature"":""e618baf1fdd8c561"",""weighted_score"":0.618702,""diversity_score"":3.431034}]"
prism_cc_time,hybrid_homo,10,maddid0000018|maddid0000056|mbackgroundid0000013|mbackgroundid0000015|mbackgroundid0000016|mbackgroundid0000034|mbackgroundid0000052|mbackgroundid0000053|mbackgroundid0000054|mbgmodelid0000012|mbgmodelid0000031|mconcatfitid0000011|mconcatfitid0000049|mdifffitid0000006|mdifffitid0000026|mdifffitid0000027|mdifffitid0000044|mdifffitid0000045|mdifffitid0000046|mimgtblid0000017|mprojectid0000001|mprojectid0000003|mprojectid0000020|mprojectid0000021|mprojectid0000039|mprojectid0000041|mprojectid0000042|mviewerid0000019|mviewerid0000038,0.200000,95.004000,0.609758,0.747528,110.602640,0.000000,0.000000,true,28.336000,11,376.286000,"{""bora009"":3,""bora010"":1,""h4d-standard-192-5"":32,""h4d-standard-192-6"":22}","{""bora009"":0.000577,""bora010"":0.000289,""h4d-standard-192-5"":0.01121,""h4d-standard-192-6"":0.007872}","[{""rank"":1,""recommended"":true,""feasible"":true,""budget_used"":0.609758,""budget_violation"":0,""makespan"":95.004,""deadline_violation"":0,""machine_signature"":""c83beb013e23d66d"",""weighted_score"":0.981173,""diversity_score"":3.448276},{""rank"":2,""recommended"":false,""feasible"":true,""budget_used"":0.618702,""budget_violation"":0,""makespan"":95.004,""deadline_violation"":0,""machine_signature"":""e618baf1fdd8c561"",""weighted_score"":0.981173,""diversity_score"":3.431034},{""rank"":3,""recommended"":false,""feasible"":true,""budget_used"":0.45916,""budget_violation"":0,""makespan"":95.719,""deadline_violation"":0,""machine_signature"":""d267d09ccdc8d0ee"",""weighted_score"":0.988557,""diversity_score"":3.517241},{""rank"":4,""recommended"":false,""feasible"":true,""budget_used"":0.437186,""budget_violation"":0,""makespan"":96.827,""deadline_violation"":0,""machine_signature"":""62987fadb41f2500"",""weighted_score"":1,""diversity_score"":3.517241}]"
heft_colocation,cloud_hetero,11,maddid0000018|maddid0000037|mbackgroundid0000014|mbackgroundid0000032|mbackgroundid0000034|mbackgroundid0000053|mbackgroundid0000054|mbgmodelid0000031|mconcatfitid0000030|mconcatfitid0000049|mdifffitid0000005|mdifffitid0000006|mdifffitid0000009|mdifffitid0000010|mdifffitid0000026|mdifffitid0000029|mdifffitid0000045|mdifffitid0000047|mdifffitid0000048|mimgtblid0000017|mprojectid0000001|mprojectid0000002|mprojectid0000003|mprojectid0000021|mprojectid0000039|mprojectid0000041|mprojectid0000042|mviewerid0000019|mviewerid0000038,0.200000,95.081000,0.662810,0.809118,110.678240,0.000000,0.000000,true,27.786000,19,1.804000,"{""h4d-highmem-192-1"":22,""h4d-standard-192-1"":36}","{""h3-standard-88-1"":0,""h3-standard-88-2"":0,""h4d-highmem-192-1"":0.007891,""h4d-standard-192-1"":0.011175}",[]
prism_cc_cost,cloud_hetero,11,maddid0000018|maddid0000037|mbackgroundid0000014|mbackgroundid0000032|mbackgroundid0000034|mbackgroundid0000053|mbackgroundid0000054|mbgmodelid0000031|mconcatfitid0000030|mconcatfitid0000049|mdifffitid0000005|mdifffitid0000006|mdifffitid0000009|mdifffitid0000010|mdifffitid0000026|mdifffitid0000029|mdifffitid0000045|mdifffitid0000047|mdifffitid0000048|mimgtblid0000017|mprojectid0000001|mprojectid0000002|mprojectid0000003|mprojectid0000021|mprojectid0000039|mprojectid0000041|mprojectid0000042|mviewerid0000019|mviewerid0000038,0.200000,106.738000,0.232861,0.809118,110.678240,0.000000,0.000000,true,70.507000,55,322.893000,"{""h4d-standard-192-1"":58}","{""h3-standard-88-1"":0,""h3-standard-88-2"":0,""h4d-highmem-192-1"":0,""h4d-standard-192-1"":0.019068}","[{""rank"":1,""recommended"":true,""feasible"":true,""budget_used"":0.232861,""budget_violation"":0,""makespan"":106.738,""deadline_violation"":0,""machine_signature"":""8432a0a27cde81dc"",""weighted_score"":0.232861,""diversity_score"":0},{""rank"":2,""recommended"":false,""feasible"":true,""budget_used"":0.621058,""budget_violation"":0,""makespan"":95.093,""deadline_violation"":0,""machine_signature"":""56d9df2beba7ef44"",""weighted_score"":0.621058,""diversity_score"":1.396552},{""rank"":3,""recommended"":false,""feasible"":true,""budget_used"":0.66281,""budget_violation"":0,""makespan"":95.081,""deadline_violation"":0,""machine_signature"":""357fe873c39ce6c9"",""weighted_score"":0.66281,""diversity_score"":1.37931}]"
prism_cc_time,cloud_hetero,11,maddid0000018|maddid0000037|mbackgroundid0000014|mbackgroundid0000032|mbackgroundid0000034|mbackgroundid0000053|mbackgroundid0000054|mbgmodelid0000031|mconcatfitid0000030|mconcatfitid0000049|mdifffitid0000005|mdifffitid0000006|mdifffitid0000009|mdifffitid0000010|mdifffitid0000026|mdifffitid0000029|mdifffitid0000045|mdifffitid0000047|mdifffitid0000048|mimgtblid0000017|mprojectid0000001|mprojectid0000002|mprojectid0000003|mprojectid0000021|mprojectid0000039|mprojectid0000041|mprojectid0000042|mviewerid0000019|mviewerid0000038,0.200000,95.081000,0.662810,0.809118,110.678240,0.000000,0.000000,true,27.786000,19,322.893000,"{""h4d-highmem-192-1"":22,""h4d-standard-192-1"":36}","{""h3-standard-88-1"":0,""h3-standard-88-2"":0,""h4d-highmem-192-1"":0.007891,""h4d-standard-192-1"":0.011175}","[{""rank"":1,""recommended"":true,""feasible"":true,""budget_used"":0.66281,""budget_violation"":0,""makespan"":95.081,""deadline_violation"":0,""machine_signature"":""357fe873c39ce6c9"",""weighted_score"":0.890789,""diversity_score"":1.37931},{""rank"":2,""recommended"":false,""feasible"":true,""budget_used"":0.621058,""budget_violation"":0,""makespan"":95.093,""deadline_violation"":0,""machine_signature"":""56d9df2beba7ef44"",""weighted_score"":0.890901,""diversity_score"":1.396552},{""rank"":3,""recommended"":false,""feasible"":true,""budget_used"":0.232861,""budget_violation"":0,""makespan"":106.738,""deadline_violation"":0,""machine_signature"":""8432a0a27cde81dc"",""weighted_score"":1,""diversity_score"":0}]"
heft_colocation,cloud_homo,11,maddid0000018|maddid0000037|mbackgroundid0000014|mbackgroundid0000032|mbackgroundid0000034|mbackgroundid0000053|mbackgroundid0000054|mbgmodelid0000031|mconcatfitid0000030|mconcatfitid0000049|mdifffitid0000005|mdifffitid0000006|mdifffitid0000009|mdifffitid0000010|mdifffitid0000026|mdifffitid0000029|mdifffitid0000045|mdifffitid0000047|mdifffitid0000048|mimgtblid0000017|mprojectid0000001|mprojectid0000002|mprojectid0000003|mprojectid0000021|mprojectid0000039|mprojectid0000041|mprojectid0000042|mviewerid0000019|mviewerid0000038,0.200000,88.371000,1.109004,1.344726,106.047360,0.000000,0.000000,true,7.068000,7,2.943000,"{""h4d-standard-192-1"":17,""h4d-standard-192-2"":18,""h4d-standard-192-3"":14,""h4d-standard-192-4"":9}","{""h4d-standard-192-1"":0.004539,""h4d-standard-192-2"":0.006727,""h4d-standard-192-3"":0.005561,""h4d-standard-192-4"":0.002465}",[]
prism_cc_cost,cloud_homo,11,maddid0000018|maddid0000037|mbackgroundid0000014|mbackgroundid0000032|mbackgroundid0000034|mbackgroundid0000053|mbackgroundid0000054|mbgmodelid0000031|mconcatfitid0000030|mconcatfitid0000049|mdifffitid0000005|mdifffitid0000006|mdifffitid0000009|mdifffitid0000010|mdifffitid0000026|mdifffitid0000029|mdifffitid0000045|mdifffitid0000047|mdifffitid0000048|mimgtblid0000017|mprojectid0000001|mprojectid0000002|mprojectid0000003|mprojectid0000021|mprojectid0000039|mprojectid0000041|mprojectid0000042|mviewerid0000019|mviewerid0000038,0.200000,105.468000,0.230086,1.344726,106.047360,0.000000,0.000000,true,70.192000,49,397.085000,"{""h4d-standard-192-1"":58}","{""h4d-standard-192-1"":0.019282,""h4d-standard-192-2"":0,""h4d-standard-192-3"":0,""h4d-standard-192-4"":0}","[{""rank"":1,""recommended"":true,""feasible"":true,""budget_used"":0.230086,""budget_violation"":0,""makespan"":105.468,""deadline_violation"":0,""machine_signature"":""42adb04be900fcd4"",""weighted_score"":0.207471,""diversity_score"":0},{""rank"":2,""recommended"":false,""feasible"":true,""budget_used"":0.767828,""budget_violation"":0,""makespan"":88.924,""deadline_violation"":0,""machine_signature"":""e4da439dc13fc2cb"",""weighted_score"":0.692358,""diversity_score"":2.431034},{""rank"":3,""recommended"":false,""feasible"":true,""budget_used"":1.105655,""budget_violation"":0,""makespan"":88.371,""deadline_violation"":0,""machine_signature"":""0331fdb6e019f2a4"",""weighted_score"":0.99698,""diversity_score"":3.689655},{""rank"":4,""recommended"":false,""feasible"":true,""budget_used"":1.109004,""budget_violation"":0,""makespan"":88.371,""deadline_violation"":0,""machine_signature"":""df3ff9998a6cf218"",""weighted_score"":1,""diversity_score"":3.689655}]"
prism_cc_time,cloud_homo,11,maddid0000018|maddid0000037|mbackgroundid0000014|mbackgroundid0000032|mbackgroundid0000034|mbackgroundid0000053|mbackgroundid0000054|mbgmodelid0000031|mconcatfitid0000030|mconcatfitid0000049|mdifffitid0000005|mdifffitid0000006|mdifffitid0000009|mdifffitid0000010|mdifffitid0000026|mdifffitid0000029|mdifffitid0000045|mdifffitid0000047|mdifffitid0000048|mimgtblid0000017|mprojectid0000001|mprojectid0000002|mprojectid0000003|mprojectid0000021|mprojectid0000039|mprojectid0000041|mprojectid0000042|mviewerid0000019|mviewerid0000038,0.200000,88.371000,1.105655,1.344726,106.047360,0.000000,0.000000,true,7.068000,7,397.085000,"{""h4d-standard-192-1"":16,""h4d-standard-192-2"":18,""h4d-standard-192-3"":14,""h4d-standard-192-4"":10}","{""h4d-standard-192-1"":0.004537,""h4d-standard-192-2"":0.006727,""h4d-standard-192-3"":0.005561,""h4d-standard-192-4"":0.002467}","[{""rank"":1,""recommended"":true,""feasible"":true,""budget_used"":1.105655,""budget_violation"":0,""makespan"":88.371,""deadline_violation"":0,""machine_signature"":""0331fdb6e019f2a4"",""weighted_score"":0.837894,""diversity_score"":3.689655},{""rank"":2,""recommended"":false,""feasible"":true,""budget_used"":1.109004,""budget_violation"":0,""makespan"":88.371,""deadline_violation"":0,""machine_signature"":""df3ff9998a6cf218"",""weighted_score"":0.837894,""diversity_score"":3.689655},{""rank"":3,""recommended"":false,""feasible"":true,""budget_used"":0.767828,""budget_violation"":0,""makespan"":88.924,""deadline_violation"":0,""machine_signature"":""e4da439dc13fc2cb"",""weighted_score"":0.843137,""diversity_score"":2.431034},{""rank"":4,""recommended"":false,""feasible"":true,""budget_used"":0.230086,""budget_violation"":0,""makespan"":105.468,""deadline_violation"":0,""machine_signature"":""42adb04be900fcd4"",""weighted_score"":1,""diversity_score"":0}]"
heft_colocation,cluster_hetero,11,maddid0000018|maddid0000037|mbackgroundid0000014|mbackgroundid0000032|mbackgroundid0000034|mbackgroundid0000053|mbackgroundid0000054|mbgmodelid0000031|mconcatfitid0000030|mconcatfitid0000049|mdifffitid0000005|mdifffitid0000006|mdifffitid0000009|mdifffitid0000010|mdifffitid0000026|mdifffitid0000029|mdifffitid0000045|mdifffitid0000047|mdifffitid0000048|mimgtblid0000017|mprojectid0000001|mprojectid0000002|mprojectid0000003|mprojectid0000021|mprojectid0000039|mprojectid0000041|mprojectid0000042|mviewerid0000019|mviewerid0000038,0.200000,304.107000,0.000000,0.000000,346.902440,0.000000,0.000000,true,89.372000,16,0.906000,"{""bora005"":17,""bora006"":28,""diablo01"":6,""diablo02"":7}","{""bora005"":0.070935,""bora006"":0.085565,""diablo01"":0.004107,""diablo02"":0.005509}",[]
prism_cc_cost,cluster_hetero,11,maddid0000018|maddid0000037|mbackgroundid0000014|mbackgroundid0000032|mbackgroundid0000034|mbackgroundid0000053|mbackgroundid0000054|mbgmodelid0000031|mconcatfitid0000030|mconcatfitid0000049|mdifffitid0000005|mdifffitid0000006|mdifffitid0000009|mdifffitid0000010|mdifffitid0000026|mdifffitid0000029|mdifffitid0000045|mdifffitid0000047|mdifffitid0000048|mimgtblid0000017|mprojectid0000001|mprojectid0000002|mprojectid0000003|mprojectid0000021|mprojectid0000039|mprojectid0000041|mprojectid0000042|mviewerid0000019|mviewerid0000038,0.200000,304.107000,0.000000,0.000000,346.902440,0.000000,0.000000,true,89.146000,15,172.460000,"{""bora005"":17,""bora006"":27,""diablo01"":6,""diablo02"":8}","{""bora005"":0.070935,""bora006"":0.085442,""diablo01"":0.004107,""diablo02"":0.005581}","[{""rank"":1,""recommended"":true,""feasible"":true,""budget_used"":0,""budget_violation"":0,""makespan"":304.107,""deadline_violation"":0,""machine_signature"":""31bd3f9521c7e56b"",""weighted_score"":0,""diversity_score"":3.534483},{""rank"":2,""recommended"":false,""feasible"":true,""budget_used"":0,""budget_violation"":0,""makespan"":304.107,""deadline_violation"":0,""machine_signature"":""26311a011bd7d1eb"",""weighted_score"":0,""diversity_score"":3.517241}]"
prism_cc_time,cluster_hetero,11,maddid0000018|maddid0000037|mbackgroundid0000014|mbackgroundid0000032|mbackgroundid0000034|mbackgroundid0000053|mbackgroundid0000054|mbgmodelid0000031|mconcatfitid0000030|mconcatfitid0000049|mdifffitid0000005|mdifffitid0000006|mdifffitid0000009|mdifffitid0000010|mdifffitid0000026|mdifffitid0000029|mdifffitid0000045|mdifffitid0000047|mdifffitid0000048|mimgtblid0000017|mprojectid0000001|mprojectid0000002|mprojectid0000003|mprojectid0000021|mprojectid0000039|mprojectid0000041|mprojectid0000042|mviewerid0000019|mviewerid0000038,0.200000,304.107000,0.000000,0.000000,346.902440,0.000000,0.000000,true,89.146000,15,172.460000,"{""bora005"":17,""bora006"":27,""diablo01"":6,""diablo02"":8}","{""bora005"":0.070935,""bora006"":0.085442,""diablo01"":0.004107,""diablo02"":0.005581}","[{""rank"":1,""recommended"":true,""feasible"":true,""budget_used"":0,""budget_violation"":0,""makespan"":304.107,""deadline_violation"":0,""machine_signature"":""31bd3f9521c7e56b"",""weighted_score"":1,""diversity_score"":3.534483},{""rank"":2,""recommended"":false,""feasible"":true,""budget_used"":0,""budget_violation"":0,""makespan"":304.107,""deadline_violation"":0,""machine_signature"":""26311a011bd7d1eb"",""weighted_score"":1,""diversity_score"":3.517241}]"
heft_colocation,cluster_homo,11,maddid0000018|maddid0000037|mbackgroundid0000014|mbackgroundid0000032|mbackgroundid0000034|mbackgroundid0000053|mbackgroundid0000054|mbgmodelid0000031|mconcatfitid0000030|mconcatfitid0000049|mdifffitid0000005|mdifffitid0000006|mdifffitid0000009|mdifffitid0000010|mdifffitid0000026|mdifffitid0000029|mdifffitid0000045|mdifffitid0000047|mdifffitid0000048|mimgtblid0000017|mprojectid0000001|mprojectid0000002|mprojectid0000003|mprojectid0000021|mprojectid0000039|mprojectid0000041|mprojectid0000042|mviewerid0000019|mviewerid0000038,0.200000,281.326000,0.000000,0.000000,337.591200,0.000000,0.000000,true,40.202000,12,1.406000,"{""bora001"":16,""bora002"":16,""bora003"":18,""bora004"":8}","{""bora001"":0.042156,""bora002"":0.062051,""bora003"":0.052536,""bora004"":0.02238}",[]
prism_cc_cost,cluster_homo,11,maddid0000018|maddid0000037|mbackgroundid0000014|mbackgroundid0000032|mbackgroundid0000034|mbackgroundid0000053|mbackgroundid0000054|mbgmodelid0000031|mconcatfitid0000030|mconcatfitid0000049|mdifffitid0000005|mdifffitid0000006|mdifffitid0000009|mdifffitid0000010|mdifffitid0000026|mdifffitid0000029|mdifffitid0000045|mdifffitid0000047|mdifffitid0000048|mimgtblid0000017|mprojectid0000001|mprojectid0000002|mprojectid0000003|mprojectid0000021|mprojectid0000039|mprojectid0000041|mprojectid0000042|mviewerid0000019|mviewerid0000038,0.200000,281.326000,0.000000,0.000000,337.591200,0.000000,0.000000,true,40.202000,12,163.410000,"{""bora001"":16,""bora002"":16,""bora003"":18,""bora004"":8}","{""bora001"":0.042156,""bora002"":0.062051,""bora003"":0.052536,""bora004"":0.02238}","[{""rank"":1,""recommended"":true,""feasible"":true,""budget_used"":0,""budget_violation"":0,""makespan"":281.326,""deadline_violation"":0,""machine_signature"":""c9ec7346b01d1fa1"",""weighted_score"":0,""diversity_score"":3.689655},{""rank"":2,""recommended"":false,""feasible"":true,""budget_used"":0,""budget_violation"":0,""makespan"":281.725,""deadline_violation"":0,""machine_signature"":""15c4cd5154676707"",""weighted_score"":0,""diversity_score"":3.62069}]"
prism_cc_time,cluster_homo,11,maddid0000018|maddid0000037|mbackgroundid0000014|mbackgroundid0000032|mbackgroundid0000034|mbackgroundid0000053|mbackgroundid0000054|mbgmodelid0000031|mconcatfitid0000030|mconcatfitid0000049|mdifffitid0000005|mdifffitid0000006|mdifffitid0000009|mdifffitid0000010|mdifffitid0000026|mdifffitid0000029|mdifffitid0000045|mdifffitid0000047|mdifffitid0000048|mimgtblid0000017|mprojectid0000001|mprojectid0000002|mprojectid0000003|mprojectid0000021|mprojectid0000039|mprojectid0000041|mprojectid0000042|mviewerid0000019|mviewerid0000038,0.200000,281.326000,0.000000,0.000000,337.591200,0.000000,0.000000,true,40.202000,12,163.410000,"{""bora001"":16,""bora002"":16,""bora003"":18,""bora004"":8}","{""bora001"":0.042156,""bora002"":0.062051,""bora003"":0.052536,""bora004"":0.02238}","[{""rank"":1,""recommended"":true,""feasible"":true,""budget_used"":0,""budget_violation"":0,""makespan"":281.326,""deadline_violation"":0,""machine_signature"":""c9ec7346b01d1fa1"",""weighted_score"":0.998584,""diversity_score"":3.689655},{""rank"":2,""recommended"":false,""feasible"":true,""budget_used"":0,""budget_violation"":0,""makespan"":281.725,""deadline_violation"":0,""machine_signature"":""15c4cd5154676707"",""weighted_score"":1,""diversity_score"":3.62069}]"
heft_colocation,hybrid_hetero,11,maddid0000018|maddid0000037|mbackgroundid0000014|mbackgroundid0000032|mbackgroundid0000034|mbackgroundid0000053|mbackgroundid0000054|mbgmodelid0000031|mconcatfitid0000030|mconcatfitid0000049|mdifffitid0000005|mdifffitid0000006|mdifffitid0000009|mdifffitid0000010|mdifffitid0000026|mdifffitid0000029|mdifffitid0000045|mdifffitid0000047|mdifffitid0000048|mimgtblid0000017|mprojectid0000001|mprojectid0000002|mprojectid0000003|mprojectid0000021|mprojectid0000039|mprojectid0000041|mprojectid0000042|mviewerid0000019|mviewerid0000038,0.200000,102.859000,0.491593,0.507908,117.111320,0.000000,0.000000,true,57.298000,36,1.608000,"{""bora011"":2,""diablo03"":1,""h3-standard-88-2"":11,""h4d-standard-192-7"":44}","{""bora011"":0.000495,""diablo03"":0.000187,""h3-standard-88-2"":0.003096,""h4d-standard-192-7"":0.01836}",[]
prism_cc_cost,hybrid_hetero,11,maddid0000018|maddid0000037|mbackgroundid0000014|mbackgroundid0000032|mbackgroundid0000034|mbackgroundid0000053|mbackgroundid0000054|mbgmodelid0000031|mconcatfitid0000030|mconcatfitid0000049|mdifffitid0000005|mdifffitid0000006|mdifffitid0000009|mdifffitid0000010|mdifffitid0000026|mdifffitid0000029|mdifffitid0000045|mdifffitid0000047|mdifffitid0000048|mimgtblid0000017|mprojectid0000001|mprojectid0000002|mprojectid0000003|mprojectid0000021|mprojectid0000039|mprojectid0000041|mprojectid0000042|mviewerid0000019|mviewerid0000038,0.200000,111.744000,0.262263,0.507908,117.111320,0.000000,0.000000,true,57.444000,32,336.911000,"{""bora011"":19,""diablo03"":11,""h3-standard-88-2"":3,""h4d-standard-192-7"":25}","{""bora011"":0.006627,""diablo03"":0.002989,""h3-standard-88-2"":0.002428,""h4d-standard-192-7"":0.016646}","[{""rank"":1,""recommended"":true,""feasible"":true,""budget_used"":0.262263,""budget_violation"":0,""makespan"":111.744,""deadline_violation"":0,""machine_signature"":""79acfde166e53a6a"",""weighted_score"":0.262263,""diversity_score"":3.568966},{""rank"":2,""recommended"":false,""feasible"":true,""budget_used"":0.336835,""budget_violation"":0,""makespan"":105.395,""deadline_violation"":0,""machine_signature"":""2df9b1170f876e66"",""weighted_score"":0.336835,""diversity_score"":3.396552},{""rank"":3,""recommended"":false,""feasible"":true,""budget_used"":0.452899,""budget_violation"":0,""makespan"":102.859,""deadline_violation"":0,""machine_signature"":""222a239038c68ca6"",""weighted_score"":0.452899,""diversity_score"":3.241379},{""rank"":4,""recommended"":false,""feasible"":true,""budget_used"":0.491593,""budget_violation"":0,""makespan"":102.859,""deadline_violation"":0,""machine_signature"":""8878c0ad988b6705"",""weighted_score"":0.491593,""diversity_score"":3.241379}]"
prism_cc_time,hybrid_hetero,11,maddid0000018|maddid0000037|mbackgroundid0000014|mbackgroundid0000032|mbackgroundid0000034|mbackgroundid0000053|mbackgroundid0000054|mbgmodelid0000031|mconcatfitid0000030|mconcatfitid0000049|mdifffitid0000005|mdifffitid0000006|mdifffitid0000009|mdifffitid0000010|mdifffitid0000026|mdifffitid0000029|mdifffitid0000045|mdifffitid0000047|mdifffitid0000048|mimgtblid0000017|mprojectid0000001|mprojectid0000002|mprojectid0000003|mprojectid0000021|mprojectid0000039|mprojectid0000041|mprojectid0000042|mviewerid0000019|mviewerid0000038,0.200000,102.859000,0.452899,0.507908,117.111320,0.000000,0.000000,true,57.298000,36,336.911000,"{""bora011"":3,""diablo03"":1,""h3-standard-88-2"":10,""h4d-standard-192-7"":44}","{""bora011"":0.000533,""diablo03"":0.000187,""h3-standard-88-2"":0.00309,""h4d-standard-192-7"":0.01836}","[{""rank"":1,""recommended"":true,""feasible"":true,""budget_used"":0.452899,""budget_violation"":0,""makespan"":102.859,""deadline_violation"":0,""machine_signature"":""222a239038c68ca6"",""weighted_score"":0.920488,""diversity_score"":3.241379},{""rank"":2,""recommended"":false,""feasible"":true,""budget_used"":0.491593,""budget_violation"":0,""makespan"":102.859,""deadline_violation"":0,""machine_signature"":""8878c0ad988b6705"",""weighted_score"":0.920488,""diversity_score"":3.241379},{""rank"":3,""recommended"":false,""feasible"":true,""budget_used"":0.336835,""budget_violation"":0,""makespan"":105.395,""deadline_violation"":0,""machine_signature"":""2df9b1170f876e66"",""weighted_score"":0.943183,""diversity_score"":3.396552},{""rank"":4,""recommended"":false,""feasible"":true,""budget_used"":0.262263,""budget_violation"":0,""makespan"":111.744,""deadline_violation"":0,""machine_signature"":""79acfde166e53a6a"",""weighted_score"":1,""diversity_score"":3.568966}]"
heft_colocation,hybrid_homo,11,maddid0000018|maddid0000037|mbackgroundid0000014|mbackgroundid0000032|mbackgroundid0000034|mbackgroundid0000053|mbackgroundid0000054|mbgmodelid0000031|mconcatfitid0000030|mconcatfitid0000049|mdifffitid0000005|mdifffitid0000006|mdifffitid0000009|mdifffitid0000010|mdifffitid0000026|mdifffitid0000029|mdifffitid0000045|mdifffitid0000047|mdifffitid0000048|mimgtblid0000017|mprojectid0000001|mprojectid0000002|mprojectid0000003|mprojectid0000021|mprojectid0000039|mprojectid0000041|mprojectid0000042|mviewerid0000019|mviewerid0000038,0.200000,95.004000,0.618701,0.747528,110.602640,0.000000,0.000000,true,27.786000,19,2.397000,"{""bora009"":2,""bora010"":1,""h4d-standard-192-5"":33,""h4d-standard-192-6"":22}","{""bora009"":0.000536,""bora010"":0.000289,""h4d-standard-192-5"":0.01116,""h4d-standard-192-6"":0.007893}",[]
prism_cc_cost,hybrid_homo,11,maddid0000018|maddid0000037|mbackgroundid0000014|mbackgroundid0000032|mbackgroundid0000034|mbackgroundid0000053|mbackgroundid0000054|mbgmodelid0000031|mconcatfitid0000030|mconcatfitid0000049|mdifffitid0000005|mdifffitid0000006|mdifffitid0000009|mdifffitid0000010|mdifffitid0000026|mdifffitid0000029|mdifffitid0000045|mdifffitid0000047|mdifffitid0000048|mimgtblid0000017|mprojectid0000001|mprojectid0000002|mprojectid0000003|mprojectid0000021|mprojectid0000039|mprojectid0000041|mprojectid0000042|mviewerid0000019|mviewerid0000038,0.200000,97.557000,0.431532,0.747528,110.602640,0.000000,0.000000,true,27.637000,17,376.680000,"{""bora009"":9,""bora010"":5,""h4d-standard-192-5"":27,""h4d-standard-192-6"":17}","{""bora009"":0.001928,""bora010"":0.00249,""h4d-standard-192-5"":0.010802,""h4d-standard-192-6"":0.007622}","[{""rank"":1,""recommended"":true,""feasible"":true,""budget_used"":0.431532,""budget_violation"":0,""makespan"":97.557,""deadline_violation"":0,""machine_signature"":""29e33e3f8c0d305c"",""weighted_score"":0.431532,""diversity_score"":3.534483},{""rank"":2,""recommended"":false,""feasible"":true,""budget_used"":0.453505,""budget_violation"":0,""makespan"":96.449,""deadline_violation"":0,""machine_signature"":""4bf37d412decacd1"",""weighted_score"":0.453505,""diversity_score"":3.534483},{""rank"":3,""recommended"":false,""feasible"":true,""budget_used"":0.60976,""budget_violation"":0,""makespan"":95.004,""deadline_violation"":0,""machine_signature"":""f9ee106737fe119a"",""weighted_score"":0.60976,""diversity_score"":3.448276},{""rank"":4,""recommended"":false,""feasible"":true,""budget_used"":0.618701,""budget_violation"":0,""makespan"":95.004,""deadline_violation"":0,""machine_signature"":""c0632b69d541b605"",""weighted_score"":0.618701,""diversity_score"":3.431034}]"
prism_cc_time,hybrid_homo,11,maddid0000018|maddid0000037|mbackgroundid0000014|mbackgroundid0000032|mbackgroundid0000034|mbackgroundid0000053|mbackgroundid0000054|mbgmodelid0000031|mconcatfitid0000030|mconcatfitid0000049|mdifffitid0000005|mdifffitid0000006|mdifffitid0000009|mdifffitid0000010|mdifffitid0000026|mdifffitid0000029|mdifffitid0000045|mdifffitid0000047|mdifffitid0000048|mimgtblid0000017|mprojectid0000001|mprojectid0000002|mprojectid0000003|mprojectid0000021|mprojectid0000039|mprojectid0000041|mprojectid0000042|mviewerid0000019|mviewerid0000038,0.200000,95.004000,0.609760,0.747528,110.602640,0.000000,0.000000,true,27.786000,19,376.680000,"{""bora009"":3,""bora010"":1,""h4d-standard-192-5"":32,""h4d-standard-192-6"":22}","{""bora009"":0.000577,""bora010"":0.000289,""h4d-standard-192-5"":0.011159,""h4d-standard-192-6"":0.007893}","[{""rank"":1,""recommended"":true,""feasible"":true,""budget_used"":0.60976,""budget_violation"":0,""makespan"":95.004,""deadline_violation"":0,""machine_signature"":""f9ee106737fe119a"",""weighted_score"":0.973831,""diversity_score"":3.448276},{""rank"":2,""recommended"":false,""feasible"":true,""budget_used"":0.618701,""budget_violation"":0,""makespan"":95.004,""deadline_violation"":0,""machine_signature"":""c0632b69d541b605"",""weighted_score"":0.973831,""diversity_score"":3.431034},{""rank"":3,""recommended"":false,""feasible"":true,""budget_used"":0.453505,""budget_violation"":0,""makespan"":96.449,""deadline_violation"":0,""machine_signature"":""4bf37d412decacd1"",""weighted_score"":0.988643,""diversity_score"":3.534483},{""rank"":4,""recommended"":false,""feasible"":true,""budget_used"":0.431532,""budget_violation"":0,""makespan"":97.557,""deadline_violation"":0,""machine_signature"":""29e33e3f8c0d305c"",""weighted_score"":1,""diversity_score"":3.534483}]"
heft_colocation,cloud_hetero,12,mbackgroundid0000013|mbackgroundid0000014|mbackgroundid0000032|mbackgroundid0000033|mbgmodelid0000050|mconcatfitid0000011|mdifffitid0000005|mdifffitid0000006|mdifffitid0000007|mdifffitid0000008|mdifffitid0000009|mdifffitid0000010|mdifffitid0000026|mdifffitid0000027|mdifffitid0000043|mdifffitid0000044|mdifffitid0000045|mdifffitid0000048|mimgtblid0000017|mimgtblid0000036|mimgtblid0000055|mprojectid0000001|mprojectid0000004|mprojectid0000020|mprojectid0000021|mprojectid0000022|mviewerid0000019|mviewerid0000038|mviewerid0000058,0.200000,90.987000,0.688526,0.809118,110.678240,0.000000,0.000000,true,11.229000,13,1.839000,"{""h4d-highmem-192-1"":26,""h4d-standard-192-1"":32}","{""h3-standard-88-1"":0,""h3-standard-88-2"":0,""h4d-highmem-192-1"":0.010134,""h4d-standard-192-1"":0.008841}",[]
prism_cc_cost,cloud_hetero,12,mbackgroundid0000013|mbackgroundid0000014|mbackgroundid0000032|mbackgroundid0000033|mbgmodelid0000050|mconcatfitid0000011|mdifffitid0000005|mdifffitid0000006|mdifffitid0000007|mdifffitid0000008|mdifffitid0000009|mdifffitid0000010|mdifffitid0000026|mdifffitid0000027|mdifffitid0000043|mdifffitid0000044|mdifffitid0000045|mdifffitid0000048|mimgtblid0000017|mimgtblid0000036|mimgtblid0000055|mprojectid0000001|mprojectid0000004|mprojectid0000020|mprojectid0000021|mprojectid0000022|mviewerid0000019|mviewerid0000038|mviewerid0000058,0.200000,94.586000,0.206353,0.809118,110.678240,0.000000,0.000000,true,30.919000,29,315.223000,"{""h4d-standard-192-1"":58}","{""h3-standard-88-1"":0,""h3-standard-88-2"":0,""h4d-highmem-192-1"":0,""h4d-standard-192-1"":0.019338}","[{""rank"":1,""recommended"":true,""feasible"":true,""budget_used"":0.206353,""budget_violation"":0,""makespan"":94.586,""deadline_violation"":0,""machine_signature"":""f8a5a85a8831fd9f"",""weighted_score"":0.206353,""diversity_score"":0},{""rank"":2,""recommended"":false,""feasible"":true,""budget_used"":0.685146,""budget_violation"":0,""makespan"":90.987,""deadline_violation"":0,""machine_signature"":""22512ed24ccf5ee1"",""weighted_score"":0.685146,""diversity_score"":1.465517},{""rank"":3,""recommended"":false,""feasible"":true,""budget_used"":0.688526,""budget_violation"":0,""makespan"":90.987,""deadline_violation"":0,""machine_signature"":""d158606cf55700d7"",""weighted_score"":0.688526,""diversity_score"":1.448276}]"
prism_cc_time,cloud_hetero,12,mbackgroundid0000013|mbackgroundid0000014|mbackgroundid0000032|mbackgroundid0000033|mbgmodelid0000050|mconcatfitid0000011|mdifffitid0000005|mdifffitid0000006|mdifffitid0000007|mdifffitid0000008|mdifffitid0000009|mdifffitid0000010|mdifffitid0000026|mdifffitid0000027|mdifffitid0000043|mdifffitid0000044|mdifffitid0000045|mdifffitid0000048|mimgtblid0000017|mimgtblid0000036|mimgtblid0000055|mprojectid0000001|mprojectid0000004|mprojectid0000020|mprojectid0000021|mprojectid0000022|mviewerid0000019|mviewerid0000038|mviewerid0000058,0.200000,90.987000,0.685146,0.809118,110.678240,0.000000,0.000000,true,11.229000,13,315.223000,"{""h4d-highmem-192-1"":27,""h4d-standard-192-1"":31}","{""h3-standard-88-1"":0,""h3-standard-88-2"":0,""h4d-highmem-192-1"":0.010136,""h4d-standard-192-1"":0.00884}","[{""rank"":1,""recommended"":true,""feasible"":true,""budget_used"":0.685146,""budget_violation"":0,""makespan"":90.987,""deadline_violation"":0,""machine_signature"":""22512ed24ccf5ee1"",""weighted_score"":0.96195,""diversity_score"":1.465517},{""rank"":2,""recommended"":false,""feasible"":true,""budget_used"":0.688526,""budget_violation"":0,""makespan"":90.987,""deadline_violation"":0,""machine_signature"":""d158606cf55700d7"",""weighted_score"":0.96195,""diversity_score"":1.448276},{""rank"":3,""recommended"":false,""feasible"":true,""budget_used"":0.206353,""budget_violation"":0,""makespan"":94.586,""deadline_violation"":0,""machine_signature"":""f8a5a85a8831fd9f"",""weighted_score"":1,""diversity_score"":0}]"
heft_colocation,cloud_homo,12,mbackgroundid0000013|mbackgroundid0000014|mbackgroundid0000032|mbackgroundid0000033|mbgmodelid0000050|mconcatfitid0000011|mdifffitid0000005|mdifffitid0000006|mdifffitid0000007|mdifffitid0000008|mdifffitid0000009|mdifffitid0000010|mdifffitid0000026|mdifffitid0000027|mdifffitid0000043|mdifffitid0000044|mdifffitid0000045|mdifffitid0000048|mimgtblid0000017|mimgtblid0000036|mimgtblid0000055|mprojectid0000001|mprojectid0000004|mprojectid0000020|mprojectid0000021|mprojectid0000022|mviewerid0000019|mviewerid0000038|mviewerid0000058,0.200000,88.398000,1.132218,1.344726,106.047360,0.000000,0.000000,true,2.143000,5,2.995000,"{""h4d-standard-192-1"":17,""h4d-standard-192-2"":11,""h4d-standard-192-3"":16,""h4d-standard-192-4"":14}","{""h4d-standard-192-1"":0.003591,""h4d-standard-192-2"":0.00418,""h4d-standard-192-3"":0.0045,""h4d-standard-192-4"":0.006725}",[]
prism_cc_cost,cloud_homo,12,mbackgroundid0000013|mbackgroundid0000014|mbackgroundid0000032|mbackgroundid0000033|mbgmodelid0000050|mconcatfitid0000011|mdifffitid0000005|mdifffitid0000006|mdifffitid0000007|mdifffitid0000008|mdifffitid0000009|mdifffitid0000010|mdifffitid0000026|mdifffitid0000027|mdifffitid0000043|mdifffitid0000044|mdifffitid0000045|mdifffitid0000048|mimgtblid0000017|mimgtblid0000036|mimgtblid0000055|mprojectid0000001|mprojectid0000004|mprojectid0000020|mprojectid0000021|mprojectid0000022|mviewerid0000019|mviewerid0000038|mviewerid0000058,0.200000,93.068000,0.203024,1.344726,106.047360,0.000000,0.000000,true,30.751000,28,353.514000,"{""h4d-standard-192-1"":58}","{""h4d-standard-192-1"":0.019644,""h4d-standard-192-2"":0,""h4d-standard-192-3"":0,""h4d-standard-192-4"":0}","[{""rank"":1,""recommended"":true,""feasible"":true,""budget_used"":0.203024,""budget_violation"":0,""makespan"":93.068,""deadline_violation"":0,""machine_signature"":""7da5567df2da4675"",""weighted_score"":0.179315,""diversity_score"":0},{""rank"":2,""recommended"":false,""feasible"":true,""budget_used"":1.128869,""budget_violation"":0,""makespan"":88.398,""deadline_violation"":0,""machine_signature"":""bc3ebc4f4d4d6130"",""weighted_score"":0.997042,""diversity_score"":3.724138},{""rank"":3,""recommended"":false,""feasible"":true,""budget_used"":1.132218,""budget_violation"":0,""makespan"":88.398,""deadline_violation"":0,""machine_signature"":""e35cc4b4e076bc30"",""weighted_score"":1,""diversity_score"":3.706897}]"
prism_cc_time,cloud_homo,12,mbackgroundid0000013|mbackgroundid0000014|mbackgroundid0000032|mbackgroundid0000033|mbgmodelid0000050|mconcatfitid0000011|mdifffitid0000005|mdifffitid0000006|mdifffitid0000007|mdifffitid0000008|mdifffitid0000009|mdifffitid0000010|mdifffitid0000026|mdifffitid0000027|mdifffitid0000043|mdifffitid0000044|mdifffitid0000045|mdifffitid0000048|mimgtblid0000017|mimgtblid0000036|mimgtblid0000055|mprojectid0000001|mprojectid0000004|mprojectid0000020|mprojectid0000021|mprojectid0000022|mviewerid0000019|mviewerid0000038|mviewerid0000058,0.200000,88.398000,1.128869,1.344726,106.047360,0.000000,0.000000,true,2.143000,5,353.514000,"{""h4d-standard-192-1"":16,""h4d-standard-192-2"":11,""h4d-standard-192-3"":16,""h4d-standard-192-4"":15}","{""h4d-standard-192-1"":0.003589,""h4d-standard-192-2"":0.00418,""h4d-standard-192-3"":0.0045,""h4d-standard-192-4"":0.006727}","[{""rank"":1,""recommended"":true,""feasible"":true,""budget_used"":1.128869,""budget_violation"":0,""makespan"":88.398,""deadline_violation"":0,""machine_signature"":""bc3ebc4f4d4d6130"",""weighted_score"":0.949822,""diversity_score"":3.724138},{""rank"":2,""recommended"":false,""feasible"":true,""budget_used"":1.132218,""budget_violation"":0,""makespan"":88.398,""deadline_violation"":0,""machine_signature"":""e35cc4b4e076bc30"",""weighted_score"":0.949822,""diversity_score"":3.706897},{""rank"":3,""recommended"":false,""feasible"":true,""budget_used"":0.203024,""budget_violation"":0,""makespan"":93.068,""deadline_violation"":0,""machine_signature"":""7da5567df2da4675"",""weighted_score"":1,""diversity_score"":0}]"
heft_colocation,cluster_hetero,12,mbackgroundid0000013|mbackgroundid0000014|mbackgroundid0000032|mbackgroundid0000033|mbgmodelid0000050|mconcatfitid0000011|mdifffitid0000005|mdifffitid0000006|mdifffitid0000007|mdifffitid0000008|mdifffitid0000009|mdifffitid0000010|mdifffitid0000026|mdifffitid0000027|mdifffitid0000043|mdifffitid0000044|mdifffitid0000045|mdifffitid0000048|mimgtblid0000017|mimgtblid0000036|mimgtblid0000055|mprojectid0000001|mprojectid0000004|mprojectid0000020|mprojectid0000021|mprojectid0000022|mviewerid0000019|mviewerid0000038|mviewerid0000058,0.200000,281.936000,0.000000,0.000000,346.902440,0.000000,0.000000,true,40.063000,6,1.147000,"{""bora005"":20,""bora006"":26,""diablo01"":6,""diablo02"":6}","{""bora005"":0.090223,""bora006"":0.082008,""diablo01"":0.003913,""diablo02"":0.000644}",[]
prism_cc_cost,cluster_hetero,12,mbackgroundid0000013|mbackgroundid0000014|mbackgroundid0000032|mbackgroundid0000033|mbgmodelid0000050|mconcatfitid0000011|mdifffitid0000005|mdifffitid0000006|mdifffitid0000007|mdifffitid0000008|mdifffitid0000009|mdifffitid0000010|mdifffitid0000026|mdifffitid0000027|mdifffitid0000043|mdifffitid0000044|mdifffitid0000045|mdifffitid0000048|mimgtblid0000017|mimgtblid0000036|mimgtblid0000055|mprojectid0000001|mprojectid0000004|mprojectid0000020|mprojectid0000021|mprojectid0000022|mviewerid0000019|mviewerid0000038|mviewerid0000058,0.200000,281.936000,0.000000,0.000000,346.902440,0.000000,0.000000,true,40.063000,6,172.340000,"{""bora005"":20,""bora006"":26,""diablo01"":6,""diablo02"":6}","{""bora005"":0.090223,""bora006"":0.082008,""diablo01"":0.003913,""diablo02"":0.000644}","[{""rank"":1,""recommended"":true,""feasible"":true,""budget_used"":0,""budget_violation"":0,""makespan"":281.936,""deadline_violation"":0,""machine_signature"":""3edf0f626717d267"",""weighted_score"":0,""diversity_score"":3.551724},{""rank"":2,""recommended"":false,""feasible"":true,""budget_used"":0,""budget_violation"":0,""makespan"":282.217,""deadline_violation"":0,""machine_signature"":""43293be709202b84"",""weighted_score"":0,""diversity_score"":3.551724}]"
prism_cc_time,cluster_hetero,12,mbackgroundid0000013|mbackgroundid0000014|mbackgroundid0000032|mbackgroundid0000033|mbgmodelid0000050|mconcatfitid0000011|mdifffitid0000005|mdifffitid0000006|mdifffitid0000007|mdifffitid0000008|mdifffitid0000009|mdifffitid0000010|mdifffitid0000026|mdifffitid0000027|mdifffitid0000043|mdifffitid0000044|mdifffitid0000045|mdifffitid0000048|mimgtblid0000017|mimgtblid0000036|mimgtblid0000055|mprojectid0000001|mprojectid0000004|mprojectid0000020|mprojectid0000021|mprojectid0000022|mviewerid0000019|mviewerid0000038|mviewerid0000058,0.200000,281.936000,0.000000,0.000000,346.902440,0.000000,0.000000,true,40.063000,6,172.340000,"{""bora005"":20,""bora006"":26,""diablo01"":6,""diablo02"":6}","{""bora005"":0.090223,""bora006"":0.082008,""diablo01"":0.003913,""diablo02"":0.000644}","[{""rank"":1,""recommended"":true,""feasible"":true,""budget_used"":0,""budget_violation"":0,""makespan"":281.936,""deadline_violation"":0,""machine_signature"":""3edf0f626717d267"",""weighted_score"":0.999004,""diversity_score"":3.551724},{""rank"":2,""recommended"":false,""feasible"":true,""budget_used"":0,""budget_violation"":0,""makespan"":282.217,""deadline_violation"":0,""machine_signature"":""43293be709202b84"",""weighted_score"":1,""diversity_score"":3.551724}]"
heft_colocation,cluster_homo,12,mbackgroundid0000013|mbackgroundid0000014|mbackgroundid0000032|mbackgroundid0000033|mbgmodelid0000050|mconcatfitid0000011|mdifffitid0000005|mdifffitid0000006|mdifffitid0000007|mdifffitid0000008|mdifffitid0000009|mdifffitid0000010|mdifffitid0000026|mdifffitid0000027|mdifffitid0000043|mdifffitid0000044|mdifffitid0000045|mdifffitid0000048|mimgtblid0000017|mimgtblid0000036|mimgtblid0000055|mprojectid0000001|mprojectid0000004|mprojectid0000020|mprojectid0000021|mprojectid0000022|mviewerid0000019|mviewerid0000038|mviewerid0000058,0.200000,281.326000,0.000000,0.000000,337.591200,0.000000,0.000000,true,11.373000,4,0.796000,"{""bora001"":15,""bora002"":17,""bora003"":13,""bora004"":13}","{""bora001"":0.033257,""bora002"":0.03976,""bora003"":0.041114,""bora004"":0.062145}",[]
prism_cc_cost,cluster_homo,12,mbackgroundid0000013|mbackgroundid0000014|mbackgroundid0000032|mbackgroundid0000033|mbgmodelid0000050|mconcatfitid0000011|mdifffitid0000005|mdifffitid0000006|mdifffitid0000007|mdifffitid0000008|mdifffitid0000009|mdifffitid0000010|mdifffitid0000026|mdifffitid0000027|mdifffitid0000043|mdifffitid0000044|mdifffitid0000045|mdifffitid0000048|mimgtblid0000017|mimgtblid0000036|mimgtblid0000055|mprojectid0000001|mprojectid0000004|mprojectid0000020|mprojectid0000021|mprojectid0000022|mviewerid0000019|mviewerid0000038|mviewerid0000058,0.200000,281.326000,0.000000,0.000000,337.591200,0.000000,0.000000,true,11.373000,4,161.516000,"{""bora001"":15,""bora002"":17,""bora003"":13,""bora004"":13}","{""bora001"":0.033257,""bora002"":0.03976,""bora003"":0.041114,""bora004"":0.062145}","[{""rank"":1,""recommended"":true,""feasible"":true,""budget_used"":0,""budget_violation"":0,""makespan"":281.326,""deadline_violation"":0,""machine_signature"":""d0bea1d77a5de9b4"",""weighted_score"":0,""diversity_score"":3.706897},{""rank"":2,""recommended"":false,""feasible"":true,""budget_used"":0,""budget_violation"":0,""makespan"":281.725,""deadline_violation"":0,""machine_signature"":""10242a6431535106"",""weighted_score"":0,""diversity_score"":3.689655}]"
prism_cc_time,cluster_homo,12,mbackgroundid0000013|mbackgroundid0000014|mbackgroundid0000032|mbackgroundid0000033|mbgmodelid0000050|mconcatfitid0000011|mdifffitid0000005|mdifffitid0000006|mdifffitid0000007|mdifffitid0000008|mdifffitid0000009|mdifffitid0000010|mdifffitid0000026|mdifffitid0000027|mdifffitid0000043|mdifffitid0000044|mdifffitid0000045|mdifffitid0000048|mimgtblid0000017|mimgtblid0000036|mimgtblid0000055|mprojectid0000001|mprojectid0000004|mprojectid0000020|mprojectid0000021|mprojectid0000022|mviewerid0000019|mviewerid0000038|mviewerid0000058,0.200000,281.326000,0.000000,0.000000,337.591200,0.000000,0.000000,true,11.373000,4,161.516000,"{""bora001"":15,""bora002"":17,""bora003"":13,""bora004"":13}","{""bora001"":0.033257,""bora002"":0.03976,""bora003"":0.041114,""bora004"":0.062145}","[{""rank"":1,""recommended"":true,""feasible"":true,""budget_used"":0,""budget_violation"":0,""makespan"":281.326,""deadline_violation"":0,""machine_signature"":""d0bea1d77a5de9b4"",""weighted_score"":0.998584,""diversity_score"":3.706897},{""rank"":2,""recommended"":false,""feasible"":true,""budget_used"":0,""budget_violation"":0,""makespan"":281.725,""deadline_violation"":0,""machine_signature"":""10242a6431535106"",""weighted_score"":1,""diversity_score"":3.689655}]"
heft_colocation,hybrid_hetero,12,mbackgroundid0000013|mbackgroundid0000014|mbackgroundid0000032|mbackgroundid0000033|mbgmodelid0000050|mconcatfitid0000011|mdifffitid0000005|mdifffitid0000006|mdifffitid0000007|mdifffitid0000008|mdifffitid0000009|mdifffitid0000010|mdifffitid0000026|mdifffitid0000027|mdifffitid0000043|mdifffitid0000044|mdifffitid0000045|mdifffitid0000048|mimgtblid0000017|mimgtblid0000036|mimgtblid0000055|mprojectid0000001|mprojectid0000004|mprojectid0000020|mprojectid0000021|mprojectid0000022|mviewerid0000019|mviewerid0000038|mviewerid0000058,0.200000,92.211000,0.201168,0.507908,117.111320,0.000000,0.000000,true,30.843000,29,1.730000,"{""bora011"":5,""diablo03"":1,""h4d-standard-192-7"":52}","{""bora011"":0.000637,""diablo03"":0.000209,""h3-standard-88-2"":0,""h4d-standard-192-7"":0.0198}",[]
prism_cc_cost,hybrid_hetero,12,mbackgroundid0000013|mbackgroundid0000014|mbackgroundid0000032|mbackgroundid0000033|mbgmodelid0000050|mconcatfitid0000011|mdifffitid0000005|mdifffitid0000006|mdifffitid0000007|mdifffitid0000008|mdifffitid0000009|mdifffitid0000010|mdifffitid0000026|mdifffitid0000027|mdifffitid0000043|mdifffitid0000044|mdifffitid0000045|mdifffitid0000048|mimgtblid0000017|mimgtblid0000036|mimgtblid0000055|mprojectid0000001|mprojectid0000004|mprojectid0000020|mprojectid0000021|mprojectid0000022|mviewerid0000019|mviewerid0000038|mviewerid0000058,0.200000,102.009000,0.141111,0.507908,117.111320,0.000000,0.000000,true,31.208000,24,323.425000,"{""bora011"":18,""diablo03"":11,""h4d-standard-192-7"":29}","{""bora011"":0.006606,""diablo03"":0.003775,""h3-standard-88-2"":0,""h4d-standard-192-7"":0.01751}","[{""rank"":1,""recommended"":true,""feasible"":true,""budget_used"":0.141111,""budget_violation"":0,""makespan"":102.009,""deadline_violation"":0,""machine_signature"":""e03593982bb53135"",""weighted_score"":0.141111,""diversity_score"":2.5},{""rank"":2,""recommended"":false,""feasible"":true,""budget_used"":0.201168,""budget_violation"":0,""makespan"":92.211,""deadline_violation"":0,""machine_signature"":""a470c860b3cb1e66"",""weighted_score"":0.201168,""diversity_score"":2.103448}]"
prism_cc_time,hybrid_hetero,12,mbackgroundid0000013|mbackgroundid0000014|mbackgroundid0000032|mbackgroundid0000033|mbgmodelid0000050|mconcatfitid0000011|mdifffitid0000005|mdifffitid0000006|mdifffitid0000007|mdifffitid0000008|mdifffitid0000009|mdifffitid0000010|mdifffitid0000026|mdifffitid0000027|mdifffitid0000043|mdifffitid0000044|mdifffitid0000045|mdifffitid0000048|mimgtblid0000017|mimgtblid0000036|mimgtblid0000055|mprojectid0000001|mprojectid0000004|mprojectid0000020|mprojectid0000021|mprojectid0000022|mviewerid0000019|mviewerid0000038|mviewerid0000058,0.200000,92.211000,0.201168,0.507908,117.111320,0.000000,0.000000,true,30.843000,29,323.425000,"{""bora011"":5,""diablo03"":1,""h4d-standard-192-7"":52}","{""bora011"":0.000637,""diablo03"":0.000209,""h3-standard-88-2"":0,""h4d-standard-192-7"":0.0198}","[{""rank"":1,""recommended"":true,""feasible"":true,""budget_used"":0.201168,""budget_violation"":0,""makespan"":92.211,""deadline_violation"":0,""machine_signature"":""a470c860b3cb1e66"",""weighted_score"":0.90395,""diversity_score"":2.103448},{""rank"":2,""recommended"":false,""feasible"":true,""budget_used"":0.141111,""budget_violation"":0,""makespan"":102.009,""deadline_violation"":0,""machine_signature"":""e03593982bb53135"",""weighted_score"":1,""diversity_score"":2.5}]"
heft_colocation,hybrid_homo,12,mbackgroundid0000013|mbackgroundid0000014|mbackgroundid0000032|mbackgroundid0000033|mbgmodelid0000050|mconcatfitid0000011|mdifffitid0000005|mdifffitid0000006|mdifffitid0000007|mdifffitid0000008|mdifffitid0000009|mdifffitid0000010|mdifffitid0000026|mdifffitid0000027|mdifffitid0000043|mdifffitid0000044|mdifffitid0000045|mdifffitid0000048|mimgtblid0000017|mimgtblid0000036|mimgtblid0000055|mprojectid0000001|mprojectid0000004|mprojectid0000020|mprojectid0000021|mprojectid0000022|mviewerid0000019|mviewerid0000038|mviewerid0000058,0.200000,90.931000,0.639458,0.747528,110.602640,0.000000,0.000000,true,11.229000,13,1.686000,"{""bora009"":2,""bora010"":1,""h4d-standard-192-5"":30,""h4d-standard-192-6"":25}","{""bora009"":0.00056,""bora010"":0.000302,""h4d-standard-192-5"":0.008835,""h4d-standard-192-6"":0.010123}",[]
prism_cc_cost,hybrid_homo,12,mbackgroundid0000013|mbackgroundid0000014|mbackgroundid0000032|mbackgroundid0000033|mbgmodelid0000050|mconcatfitid0000011|mdifffitid0000005|mdifffitid0000006|mdifffitid0000007|mdifffitid0000008|mdifffitid0000009|mdifffitid0000010|mdifffitid0000026|mdifffitid0000027|mdifffitid0000043|mdifffitid0000044|mdifffitid0000045|mdifffitid0000048|mimgtblid0000017|mimgtblid0000036|mimgtblid0000055|mprojectid0000001|mprojectid0000004|mprojectid0000020|mprojectid0000021|mprojectid0000022|mviewerid0000019|mviewerid0000038|mviewerid0000058,0.200000,106.630000,0.251251,0.747528,110.602640,0.000000,0.000000,true,22.485000,18,387.852000,"{""bora009"":21,""bora010"":17,""h4d-standard-192-5"":19,""h4d-standard-192-6"":1}","{""bora009"":0.010258,""bora010"":0.009009,""h4d-standard-192-5"":0.01372,""h4d-standard-192-6"":0.002073}","[{""rank"":1,""recommended"":true,""feasible"":true,""budget_used"":0.251251,""budget_violation"":0,""makespan"":106.63,""deadline_violation"":0,""machine_signature"":""7c72edbd73efde2e"",""weighted_score"":0.251251,""diversity_score"":3.637931},{""rank"":2,""recommended"":false,""feasible"":true,""budget_used"":0.376253,""budget_violation"":0,""makespan"":92.386,""deadline_violation"":0,""machine_signature"":""78fbd1749042e5a4"",""weighted_score"":0.376253,""diversity_score"":3.413793},{""rank"":3,""recommended"":false,""feasible"":true,""budget_used"":0.630514,""budget_violation"":0,""makespan"":90.931,""deadline_violation"":0,""machine_signature"":""fbe6717e87ea1441"",""weighted_score"":0.630514,""diversity_score"":3.5},{""rank"":4,""recommended"":false,""feasible"":true,""budget_used"":0.639458,""budget_violation"":0,""makespan"":90.931,""deadline_violation"":0,""machine_signature"":""17188661d61ab956"",""weighted_score"":0.639458,""diversity_score"":3.482759}]"
prism_cc_time,hybrid_homo,12,mbackgroundid0000013|mbackgroundid0000014|mbackgroundid0000032|mbackgroundid0000033|mbgmodelid0000050|mconcatfitid0000011|mdifffitid0000005|mdifffitid0000006|mdifffitid0000007|mdifffitid0000008|mdifffitid0000009|mdifffitid0000010|mdifffitid0000026|mdifffitid0000027|mdifffitid0000043|mdifffitid0000044|mdifffitid0000045|mdifffitid0000048|mimgtblid0000017|mimgtblid0000036|mimgtblid0000055|mprojectid0000001|mprojectid0000004|mprojectid0000020|mprojectid0000021|mprojectid0000022|mviewerid0000019|mviewerid0000038|mviewerid0000058,0.200000,90.931000,0.630514,0.747528,110.602640,0.000000,0.000000,true,11.229000,13,387.852000,"{""bora009"":3,""bora010"":1,""h4d-standard-192-5"":29,""h4d-standard-192-6"":25}","{""bora009"":0.000603,""bora010"":0.000302,""h4d-standard-192-5"":0.008833,""h4d-standard-192-6"":0.010123}","[{""rank"":1,""recommended"":true,""feasible"":true,""budget_used"":0.630514,""budget_violation"":0,""makespan"":90.931,""deadline_violation"":0,""machine_signature"":""fbe6717e87ea1441"",""weighted_score"":0.852771,""diversity_score"":3.5},{""rank"":2,""recommended"":false,""feasible"":true,""budget_used"":0.639458,""budget_violation"":0,""makespan"":90.931,""deadline_violation"":0,""machine_signature"":""17188661d61ab956"",""weighted_score"":0.852771,""diversity_score"":3.482759},{""rank"":3,""recommended"":false,""feasible"":true,""budget_used"":0.376253,""budget_violation"":0,""makespan"":92.386,""deadline_violation"":0,""machine_signature"":""78fbd1749042e5a4"",""weighted_score"":0.866417,""diversity_score"":3.413793},{""rank"":4,""recommended"":false,""feasible"":true,""budget_used"":0.251251,""budget_violation"":0,""makespan"":106.63,""deadline_violation"":0,""machine_signature"":""7c72edbd73efde2e"",""weighted_score"":1,""diversity_score"":3.637931}]"
heft_colocation,cloud_hetero,13,maddid0000037|mbackgroundid0000013|mbackgroundid0000016|mbackgroundid0000034|mbackgroundid0000052|mbgmodelid0000012|mbgmodelid0000031|mconcatfitid0000030|mdifffitid0000005|mdifffitid0000006|mdifffitid0000007|mdifffitid0000008|mdifffitid0000009|mdifffitid0000010|mdifffitid0000025|mdifffitid0000026|mdifffitid0000027|mdifffitid0000028|mdifffitid0000029|mdifffitid0000043|mdifffitid0000044|mdifffitid0000045|mimgtblid0000017|mprojectid0000002|mprojectid0000004|mprojectid0000039|mprojectid0000040|mprojectid0000041|mviewerid0000057,0.200000,90.960000,0.665995,0.809118,110.678240,0.000000,0.000000,true,13.302000,18,1.899000,"{""h4d-highmem-192-1"":25,""h4d-standard-192-1"":33}","{""h3-standard-88-1"":0,""h3-standard-88-2"":0,""h4d-highmem-192-1"":0.011052,""h4d-standard-192-1"":0.008048}",[]
prism_cc_cost,cloud_hetero,13,maddid0000037|mbackgroundid0000013|mbackgroundid0000016|mbackgroundid0000034|mbackgroundid0000052|mbgmodelid0000012|mbgmodelid0000031|mconcatfitid0000030|mdifffitid0000005|mdifffitid0000006|mdifffitid0000007|mdifffitid0000008|mdifffitid0000009|mdifffitid0000010|mdifffitid0000025|mdifffitid0000026|mdifffitid0000027|mdifffitid0000028|mdifffitid0000029|mdifffitid0000043|mdifffitid0000044|mdifffitid0000045|mimgtblid0000017|mprojectid0000002|mprojectid0000004|mprojectid0000039|mprojectid0000040|mprojectid0000041|mviewerid0000057,0.200000,98.895000,0.215744,0.809118,110.678240,0.000000,0.000000,true,39.526000,52,372.949000,"{""h4d-standard-192-1"":58}","{""h3-standard-88-1"":0,""h3-standard-88-2"":0,""h4d-highmem-192-1"":0,""h4d-standard-192-1"":0.018948}","[{""rank"":1,""recommended"":true,""feasible"":true,""budget_used"":0.215744,""budget_violation"":0,""makespan"":98.895,""deadline_violation"":0,""machine_signature"":""9065941d30c8d083"",""weighted_score"":0.215744,""diversity_score"":0},{""rank"":2,""recommended"":false,""feasible"":true,""budget_used"":0.558666,""budget_violation"":0,""makespan"":90.96,""deadline_violation"":0,""machine_signature"":""4ee4ad380b8b4b99"",""weighted_score"":0.558666,""diversity_score"":1.37931},{""rank"":3,""recommended"":false,""feasible"":true,""budget_used"":0.662617,""budget_violation"":0,""makespan"":90.96,""deadline_violation"":0,""machine_signature"":""77b792971f7d9347"",""weighted_score"":0.662617,""diversity_score"":1.448276},{""rank"":4,""recommended"":false,""feasible"":true,""budget_used"":0.665995,""budget_violation"":0,""makespan"":90.96,""deadline_violation"":0,""machine_signature"":""bbe440e647c1cf5e"",""weighted_score"":0.665995,""diversity_score"":1.431034}]"
prism_cc_time,cloud_hetero,13,maddid0000037|mbackgroundid0000013|mbackgroundid0000016|mbackgroundid0000034|mbackgroundid0000052|mbgmodelid0000012|mbgmodelid0000031|mconcatfitid0000030|mdifffitid0000005|mdifffitid0000006|mdifffitid0000007|mdifffitid0000008|mdifffitid0000009|mdifffitid0000010|mdifffitid0000025|mdifffitid0000026|mdifffitid0000027|mdifffitid0000028|mdifffitid0000029|mdifffitid0000043|mdifffitid0000044|mdifffitid0000045|mimgtblid0000017|mprojectid0000002|mprojectid0000004|mprojectid0000039|mprojectid0000040|mprojectid0000041|mviewerid0000057,0.200000,90.960000,0.558666,0.809118,110.678240,0.000000,0.000000,true,19.552000,25,372.949000,"{""h4d-highmem-192-1"":22,""h4d-standard-192-1"":36}","{""h3-standard-88-1"":0,""h3-standard-88-2"":0,""h4d-highmem-192-1"":0.007255,""h4d-standard-192-1"":0.012202}","[{""rank"":1,""recommended"":true,""feasible"":true,""budget_used"":0.558666,""budget_violation"":0,""makespan"":90.96,""deadline_violation"":0,""machine_signature"":""4ee4ad380b8b4b99"",""weighted_score"":0.919763,""diversity_score"":1.37931},{""rank"":2,""recommended"":false,""feasible"":true,""budget_used"":0.662617,""budget_violation"":0,""makespan"":90.96,""deadline_violation"":0,""machine_signature"":""77b792971f7d9347"",""weighted_score"":0.919763,""diversity_score"":1.448276},{""rank"":3,""recommended"":false,""feasible"":true,""budget_used"":0.665995,""budget_violation"":0,""makespan"":90.96,""deadline_violation"":0,""machine_signature"":""bbe440e647c1cf5e"",""weighted_score"":0.919763,""diversity_score"":1.431034},{""rank"":4,""recommended"":false,""feasible"":true,""budget_used"":0.215744,""budget_violation"":0,""makespan"":98.895,""deadline_violation"":0,""machine_signature"":""9065941d30c8d083"",""weighted_score"":1,""diversity_score"":0}]"
heft_colocation,cloud_homo,13,maddid0000037|mbackgroundid0000013|mbackgroundid0000016|mbackgroundid0000034|mbackgroundid0000052|mbgmodelid0000012|mbgmodelid0000031|mconcatfitid0000030|mdifffitid0000005|mdifffitid0000006|mdifffitid0000007|mdifffitid0000008|mdifffitid0000009|mdifffitid0000010|mdifffitid0000025|mdifffitid0000026|mdifffitid0000027|mdifffitid0000028|mdifffitid0000029|mdifffitid0000043|mdifffitid0000044|mdifffitid0000045|mimgtblid0000017|mprojectid0000002|mprojectid0000004|mprojectid0000039|mprojectid0000040|mprojectid0000041|mviewerid0000057,0.200000,88.371000,1.127379,1.344726,106.047360,0.000000,0.000000,true,2.978000,12,3.137000,"{""h4d-standard-192-1"":19,""h4d-standard-192-2"":12,""h4d-standard-192-3"":16,""h4d-standard-192-4"":11}","{""h4d-standard-192-1"":0.005616,""h4d-standard-192-2"":0.005443,""h4d-standard-192-3"":0.003192,""h4d-standard-192-4"":0.0048}",[]
prism_cc_cost,cloud_homo,13,maddid0000037|mbackgroundid0000013|mbackgroundid0000016|mbackgroundid0000034|mbackgroundid0000052|mbgmodelid0000012|mbgmodelid0000031|mconcatfitid0000030|mdifffitid0000005|mdifffitid0000006|mdifffitid0000007|mdifffitid0000008|mdifffitid0000009|mdifffitid0000010|mdifffitid0000025|mdifffitid0000026|mdifffitid0000027|mdifffitid0000028|mdifffitid0000029|mdifffitid0000043|mdifffitid0000044|mdifffitid0000045|mimgtblid0000017|mprojectid0000002|mprojectid0000004|mprojectid0000039|mprojectid0000040|mprojectid0000041|mviewerid0000057,0.200000,97.365000,0.212411,1.344726,106.047360,0.000000,0.000000,true,39.419000,55,407.171000,"{""h4d-standard-192-1"":58}","{""h4d-standard-192-1"":0.01924,""h4d-standard-192-2"":0,""h4d-standard-192-3"":0,""h4d-standard-192-4"":0}","[{""rank"":1,""recommended"":true,""feasible"":true,""budget_used"":0.212411,""budget_violation"":0,""makespan"":97.365,""deadline_violation"":0,""machine_signature"":""9fb69c5bb8101681"",""weighted_score"":0.188411,""diversity_score"":0},{""rank"":2,""recommended"":false,""feasible"":true,""budget_used"":0.761904,""budget_violation"":0,""makespan"":88.924,""deadline_violation"":0,""machine_signature"":""d091dd90c6c2f359"",""weighted_score"":0.675819,""diversity_score"":2.5},{""rank"":3,""recommended"":false,""feasible"":true,""budget_used"":1.124032,""budget_violation"":0,""makespan"":88.371,""deadline_violation"":0,""machine_signature"":""a0b5d1152bf8fa2d"",""weighted_score"":0.997031,""diversity_score"":3.689655},{""rank"":4,""recommended"":false,""feasible"":true,""budget_used"":1.127379,""budget_violation"":0,""makespan"":88.371,""deadline_violation"":0,""machine_signature"":""9cd6bcd77f492e2d"",""weighted_score"":1,""diversity_score"":3.672414}]"
prism_cc_time,cloud_homo,13,maddid0000037|mbackgroundid0000013|mbackgroundid0000016|mbackgroundid0000034|mbackgroundid0000052|mbgmodelid0000012|mbgmodelid0000031|mconcatfitid0000030|mdifffitid0000005|mdifffitid0000006|mdifffitid0000007|mdifffitid0000008|mdifffitid0000009|mdifffitid0000010|mdifffitid0000025|mdifffitid0000026|mdifffitid0000027|mdifffitid0000028|mdifffitid0000029|mdifffitid0000043|mdifffitid0000044|mdifffitid0000045|mimgtblid0000017|mprojectid0000002|mprojectid0000004|mprojectid0000039|mprojectid0000040|mprojectid0000041|mviewerid0000057,0.200000,88.371000,1.124032,1.344726,106.047360,0.000000,0.000000,true,2.978000,12,407.171000,"{""h4d-standard-192-1"":18,""h4d-standard-192-2"":12,""h4d-standard-192-3"":16,""h4d-standard-192-4"":12}","{""h4d-standard-192-1"":0.005614,""h4d-standard-192-2"":0.005443,""h4d-standard-192-3"":0.003192,""h4d-standard-192-4"":0.004802}","[{""rank"":1,""recommended"":true,""feasible"":true,""budget_used"":1.124032,""budget_violation"":0,""makespan"":88.371,""deadline_violation"":0,""machine_signature"":""a0b5d1152bf8fa2d"",""weighted_score"":0.907626,""diversity_score"":3.689655},{""rank"":2,""recommended"":false,""feasible"":true,""budget_used"":1.127379,""budget_violation"":0,""makespan"":88.371,""deadline_violation"":0,""machine_signature"":""9cd6bcd77f492e2d"",""weighted_score"":0.907626,""diversity_score"":3.672414},{""rank"":3,""recommended"":false,""feasible"":true,""budget_used"":0.761904,""budget_violation"":0,""makespan"":88.924,""deadline_violation"":0,""machine_signature"":""d091dd90c6c2f359"",""weighted_score"":0.913306,""diversity_score"":2.5},{""rank"":4,""recommended"":false,""feasible"":true,""budget_used"":0.212411,""budget_violation"":0,""makespan"":97.365,""deadline_violation"":0,""machine_signature"":""9fb69c5bb8101681"",""weighted_score"":1,""diversity_score"":0}]"
heft_colocation,cluster_hetero,13,maddid0000037|mbackgroundid0000013|mbackgroundid0000016|mbackgroundid0000034|mbackgroundid0000052|mbgmodelid0000012|mbgmodelid0000031|mconcatfitid0000030|mdifffitid0000005|mdifffitid0000006|mdifffitid0000007|mdifffitid0000008|mdifffitid0000009|mdifffitid0000010|mdifffitid0000025|mdifffitid0000026|mdifffitid0000027|mdifffitid0000028|mdifffitid0000029|mdifffitid0000043|mdifffitid0000044|mdifffitid0000045|mimgtblid0000017|mprojectid0000002|mprojectid0000004|mprojectid0000039|mprojectid0000040|mprojectid0000041|mviewerid0000057,0.200000,281.936000,0.000000,0.000000,346.902440,0.000000,0.000000,true,48.216000,12,0.931000,"{""bora005"":23,""bora006"":22,""diablo01"":7,""diablo02"":6}","{""bora005"":0.102772,""bora006"":0.06929,""diablo01"":0.004625,""diablo02"":0.000615}",[]
prism_cc_cost,cluster_hetero,13,maddid0000037|mbackgroundid0000013|mbackgroundid0000016|mbackgroundid0000034|mbackgroundid0000052|mbgmodelid0000012|mbgmodelid0000031|mconcatfitid0000030|mdifffitid0000005|mdifffitid0000006|mdifffitid0000007|mdifffitid0000008|mdifffitid0000009|mdifffitid0000010|mdifffitid0000025|mdifffitid0000026|mdifffitid0000027|mdifffitid0000028|mdifffitid0000029|mdifffitid0000043|mdifffitid0000044|mdifffitid0000045|mimgtblid0000017|mprojectid0000002|mprojectid0000004|mprojectid0000039|mprojectid0000040|mprojectid0000041|mviewerid0000057,0.200000,281.936000,0.000000,0.000000,346.902440,0.000000,0.000000,true,48.216000,12,168.539000,"{""bora005"":23,""bora006"":22,""diablo01"":7,""diablo02"":6}","{""bora005"":0.102772,""bora006"":0.06929,""diablo01"":0.004625,""diablo02"":0.000615}","[{""rank"":1,""recommended"":true,""feasible"":true,""budget_used"":0,""budget_violation"":0,""makespan"":281.936,""deadline_violation"":0,""machine_signature"":""fb14cc2e68f57202"",""weighted_score"":0,""diversity_score"":3.603448},{""rank"":2,""recommended"":false,""feasible"":true,""budget_used"":0,""budget_violation"":0,""makespan"":283.333,""deadline_violation"":0,""machine_signature"":""d7306af007f2e0a5"",""weighted_score"":0,""diversity_score"":3.637931}]"
prism_cc_time,cluster_hetero,13,maddid0000037|mbackgroundid0000013|mbackgroundid0000016|mbackgroundid0000034|mbackgroundid0000052|mbgmodelid0000012|mbgmodelid0000031|mconcatfitid0000030|mdifffitid0000005|mdifffitid0000006|mdifffitid0000007|mdifffitid0000008|mdifffitid0000009|mdifffitid0000010|mdifffitid0000025|mdifffitid0000026|mdifffitid0000027|mdifffitid0000028|mdifffitid0000029|mdifffitid0000043|mdifffitid0000044|mdifffitid0000045|mimgtblid0000017|mprojectid0000002|mprojectid0000004|mprojectid0000039|mprojectid0000040|mprojectid0000041|mviewerid0000057,0.200000,281.936000,0.000000,0.000000,346.902440,0.000000,0.000000,true,48.216000,12,168.539000,"{""bora005"":23,""bora006"":22,""diablo01"":7,""diablo02"":6}","{""bora005"":0.102772,""bora006"":0.06929,""diablo01"":0.004625,""diablo02"":0.000615}","[{""rank"":1,""recommended"":true,""feasible"":true,""budget_used"":0,""budget_violation"":0,""makespan"":281.936,""deadline_violation"":0,""machine_signature"":""fb14cc2e68f57202"",""weighted_score"":0.995069,""diversity_score"":3.603448},{""rank"":2,""recommended"":false,""feasible"":true,""budget_used"":0,""budget_violation"":0,""makespan"":283.333,""deadline_violation"":0,""machine_signature"":""d7306af007f2e0a5"",""weighted_score"":1,""diversity_score"":3.637931}]"
heft_colocation,cluster_homo,13,maddid0000037|mbackgroundid0000013|mbackgroundid0000016|mbackgroundid0000034|mbackgroundid0000052|mbgmodelid0000012|mbgmodelid0000031|mconcatfitid0000030|mdifffitid0000005|mdifffitid0000006|mdifffitid0000007|mdifffitid0000008|mdifffitid0000009|mdifffitid0000010|mdifffitid0000025|mdifffitid0000026|mdifffitid0000027|mdifffitid0000028|mdifffitid0000029|mdifffitid0000043|mdifffitid0000044|mdifffitid0000045|mimgtblid0000017|mprojectid0000002|mprojectid0000004|mprojectid0000039|mprojectid0000040|mprojectid0000041|mviewerid0000057,0.200000,281.326000,0.000000,0.000000,337.591200,0.000000,0.000000,true,13.178000,5,0.778000,"{""bora001"":20,""bora002"":18,""bora003"":9,""bora004"":11}","{""bora001"":0.05277,""bora002"":0.051567,""bora003"":0.027948,""bora004"":0.044169}",[]
prism_cc_cost,cluster_homo,13,maddid0000037|mbackgroundid0000013|mbackgroundid0000016|mbackgroundid0000034|mbackgroundid0000052|mbgmodelid0000012|mbgmodelid0000031|mconcatfitid0000030|mdifffitid0000005|mdifffitid0000006|mdifffitid0000007|mdifffitid0000008|mdifffitid0000009|mdifffitid0000010|mdifffitid0000025|mdifffitid0000026|mdifffitid0000027|mdifffitid0000028|mdifffitid0000029|mdifffitid0000043|mdifffitid0000044|mdifffitid0000045|mimgtblid0000017|mprojectid0000002|mprojectid0000004|mprojectid0000039|mprojectid0000040|mprojectid0000041|mviewerid0000057,0.200000,281.326000,0.000000,0.000000,337.591200,0.000000,0.000000,true,13.178000,5,165.810000,"{""bora001"":20,""bora002"":18,""bora003"":9,""bora004"":11}","{""bora001"":0.05277,""bora002"":0.051567,""bora003"":0.027948,""bora004"":0.044169}","[{""rank"":1,""recommended"":true,""feasible"":true,""budget_used"":0,""budget_violation"":0,""makespan"":281.326,""deadline_violation"":0,""machine_signature"":""483a29ed73367356"",""weighted_score"":0,""diversity_score"":3.655172}]"
prism_cc_time,cluster_homo,13,maddid0000037|mbackgroundid0000013|mbackgroundid0000016|mbackgroundid0000034|mbackgroundid0000052|mbgmodelid0000012|mbgmodelid0000031|mconcatfitid0000030|mdifffitid0000005|mdifffitid0000006|mdifffitid0000007|mdifffitid0000008|mdifffitid0000009|mdifffitid0000010|mdifffitid0000025|mdifffitid0000026|mdifffitid0000027|mdifffitid0000028|mdifffitid0000029|mdifffitid0000043|mdifffitid0000044|mdifffitid0000045|mimgtblid0000017|mprojectid0000002|mprojectid0000004|mprojectid0000039|mprojectid0000040|mprojectid0000041|mviewerid0000057,0.200000,281.326000,0.000000,0.000000,337.591200,0.000000,0.000000,true,13.178000,5,165.810000,"{""bora001"":20,""bora002"":18,""bora003"":9,""bora004"":11}","{""bora001"":0.05277,""bora002"":0.051567,""bora003"":0.027948,""bora004"":0.044169}","[{""rank"":1,""recommended"":true,""feasible"":true,""budget_used"":0,""budget_violation"":0,""makespan"":281.326,""deadline_violation"":0,""machine_signature"":""483a29ed73367356"",""weighted_score"":1,""diversity_score"":3.655172}]"
heft_colocation,hybrid_hetero,13,maddid0000037|mbackgroundid0000013|mbackgroundid0000016|mbackgroundid0000034|mbackgroundid0000052|mbgmodelid0000012|mbgmodelid0000031|mconcatfitid0000030|mdifffitid0000005|mdifffitid0000006|mdifffitid0000007|mdifffitid0000008|mdifffitid0000009|mdifffitid0000010|mdifffitid0000025|mdifffitid0000026|mdifffitid0000027|mdifffitid0000028|mdifffitid0000029|mdifffitid0000043|mdifffitid0000044|mdifffitid0000045|mimgtblid0000017|mprojectid0000002|mprojectid0000004|mprojectid0000039|mprojectid0000040|mprojectid0000041|mviewerid0000057,0.200000,95.314000,0.207939,0.507908,117.111320,0.000000,0.000000,true,39.016000,47,1.902000,"{""bora011"":5,""diablo03"":1,""h4d-standard-192-7"":52}","{""bora011"":0.000617,""diablo03"":0.000202,""h3-standard-88-2"":0,""h4d-standard-192-7"":0.019602}",[]
prism_cc_cost,hybrid_hetero,13,maddid0000037|mbackgroundid0000013|mbackgroundid0000016|mbackgroundid0000034|mbackgroundid0000052|mbgmodelid0000012|mbgmodelid0000031|mconcatfitid0000030|mdifffitid0000005|mdifffitid0000006|mdifffitid0000007|mdifffitid0000008|mdifffitid0000009|mdifffitid0000010|mdifffitid0000025|mdifffitid0000026|mdifffitid0000027|mdifffitid0000028|mdifffitid0000029|mdifffitid0000043|mdifffitid0000044|mdifffitid0000045|mimgtblid0000017|mprojectid0000002|mprojectid0000004|mprojectid0000039|mprojectid0000040|mprojectid0000041|mviewerid0000057,0.200000,102.009000,0.149172,0.507908,117.111320,0.000000,0.000000,true,38.961000,46,262.460000,"{""bora011"":18,""diablo03"":6,""h4d-standard-192-7"":34}","{""bora011"":0.006337,""diablo03"":0.001753,""h3-standard-88-2"":0,""h4d-standard-192-7"":0.018042}","[{""rank"":1,""recommended"":true,""feasible"":true,""budget_used"":0.149172,""budget_violation"":0,""makespan"":102.009,""deadline_violation"":0,""machine_signature"":""ba09ba74bccb6f8c"",""weighted_score"":0.149172,""diversity_score"":2.413793},{""rank"":2,""recommended"":false,""feasible"":true,""budget_used"":0.207939,""budget_violation"":0,""makespan"":95.314,""deadline_violation"":0,""machine_signature"":""4b04eb53997fff14"",""weighted_score"":0.207939,""diversity_score"":2.103448}]"
prism_cc_time,hybrid_hetero,13,maddid0000037|mbackgroundid0000013|mbackgroundid0000016|mbackgroundid0000034|mbackgroundid0000052|mbgmodelid0000012|mbgmodelid0000031|mconcatfitid0000030|mdifffitid0000005|mdifffitid0000006|mdifffitid0000007|mdifffitid0000008|mdifffitid0000009|mdifffitid0000010|mdifffitid0000025|mdifffitid0000026|mdifffitid0000027|mdifffitid0000028|mdifffitid0000029|mdifffitid0000043|mdifffitid0000044|mdifffitid0000045|mimgtblid0000017|mprojectid0000002|mprojectid0000004|mprojectid0000039|mprojectid0000040|mprojectid0000041|mviewerid0000057,0.200000,95.314000,0.207939,0.507908,117.111320,0.000000,0.000000,true,39.016000,47,262.460000,"{""bora011"":5,""diablo03"":1,""h4d-standard-192-7"":52}","{""bora011"":0.000617,""diablo03"":0.000202,""h3-standard-88-2"":0,""h4d-standard-192-7"":0.019602}","[{""rank"":1,""recommended"":true,""feasible"":true,""budget_used"":0.207939,""budget_violation"":0,""makespan"":95.314,""deadline_violation"":0,""machine_signature"":""4b04eb53997fff14"",""weighted_score"":0.934369,""diversity_score"":2.103448},{""rank"":2,""recommended"":false,""feasible"":true,""budget_used"":0.149172,""budget_violation"":0,""makespan"":102.009,""deadline_violation"":0,""machine_signature"":""ba09ba74bccb6f8c"",""weighted_score"":1,""diversity_score"":2.413793}]"
heft_colocation,hybrid_homo,13,maddid0000037|mbackgroundid0000013|mbackgroundid0000016|mbackgroundid0000034|mbackgroundid0000052|mbgmodelid0000012|mbgmodelid0000031|mconcatfitid0000030|mdifffitid0000005|mdifffitid0000006|mdifffitid0000007|mdifffitid0000008|mdifffitid0000009|mdifffitid0000010|mdifffitid0000025|mdifffitid0000026|mdifffitid0000027|mdifffitid0000028|mdifffitid0000029|mdifffitid0000043|mdifffitid0000044|mdifffitid0000045|mimgtblid0000017|mprojectid0000002|mprojectid0000004|mprojectid0000039|mprojectid0000040|mprojectid0000041|mviewerid0000057,0.200000,90.904000,0.616939,0.747528,110.602640,0.000000,0.000000,true,13.246000,17,1.789000,"{""bora009"":2,""bora010"":1,""h4d-standard-192-5"":31,""h4d-standard-192-6"":24}","{""bora009"":0.00056,""bora010"":0.000302,""h4d-standard-192-5"":0.008038,""h4d-standard-192-6"":0.011041}",[]
prism_cc_cost,hybrid_homo,13,maddid0000037|mbackgroundid0000013|mbackgroundid0000016|mbackgroundid0000034|mbackgroundid0000052|mbgmodelid0000012|mbgmodelid0000031|mconcatfitid0000030|mdifffitid0000005|mdifffitid0000006|mdifffitid0000007|mdifffitid0000008|mdifffitid0000009|mdifffitid0000010|mdifffitid0000025|mdifffitid0000026|mdifffitid0000027|mdifffitid0000028|mdifffitid0000029|mdifffitid0000043|mdifffitid0000044|mdifffitid0000045|mimgtblid0000017|mprojectid0000002|mprojectid0000004|mprojectid0000039|mprojectid0000040|mprojectid0000041|mviewerid0000057,0.200000,104.563000,0.249214,0.747528,110.602640,0.000000,0.000000,true,20.236000,13,401.692000,"{""bora009"":23,""bora010"":19,""h4d-standard-192-5"":15,""h4d-standard-192-6"":1}","{""bora009"":0.010169,""bora010"":0.010715,""h4d-standard-192-5"":0.014229,""h4d-standard-192-6"":0.001953}","[{""rank"":1,""recommended"":true,""feasible"":true,""budget_used"":0.249214,""budget_violation"":0,""makespan"":104.563,""deadline_violation"":0,""machine_signature"":""6ec6f2365d90868f"",""weighted_score"":0.249214,""diversity_score"":3.603448},{""rank"":2,""recommended"":false,""feasible"":true,""budget_used"":0.339301,""budget_violation"":0,""makespan"":97.395,""deadline_violation"":0,""machine_signature"":""50ed113751c24de1"",""weighted_score"":0.339301,""diversity_score"":3.534483},{""rank"":3,""recommended"":false,""feasible"":true,""budget_used"":0.445531,""budget_violation"":0,""makespan"":90.904,""deadline_violation"":0,""machine_signature"":""df08f5f0e87bfb3c"",""weighted_score"":0.445531,""diversity_score"":3.482759},{""rank"":4,""recommended"":false,""feasible"":true,""budget_used"":0.607996,""budget_violation"":0,""makespan"":90.904,""deadline_violation"":0,""machine_signature"":""f9a3686b85faca2b"",""weighted_score"":0.607996,""diversity_score"":3.482759},{""rank"":5,""recommended"":false,""feasible"":true,""budget_used"":0.616939,""budget_violation"":0,""makespan"":90.904,""deadline_violation"":0,""machine_signature"":""e69d1c9373390b03"",""weighted_score"":0.616939,""diversity_score"":3.465517}]"
prism_cc_time,hybrid_homo,13,maddid0000037|mbackgroundid0000013|mbackgroundid0000016|mbackgroundid0000034|mbackgroundid0000052|mbgmodelid0000012|mbgmodelid0000031|mconcatfitid0000030|mdifffitid0000005|mdifffitid0000006|mdifffitid0000007|mdifffitid0000008|mdifffitid0000009|mdifffitid0000010|mdifffitid0000025|mdifffitid0000026|mdifffitid0000027|mdifffitid0000028|mdifffitid0000029|mdifffitid0000043|mdifffitid0000044|mdifffitid0000045|mimgtblid0000017|mprojectid0000002|mprojectid0000004|mprojectid0000039|mprojectid0000040|mprojectid0000041|mviewerid0000057,0.200000,90.904000,0.445531,0.747528,110.602640,0.000000,0.000000,true,18.488000,10,401.692000,"{""bora009"":7,""bora010"":5,""h4d-standard-192-5"":30,""h4d-standard-192-6"":16}","{""bora009"":0.003189,""bora010"":0.002413,""h4d-standard-192-5"":0.014289,""h4d-standard-192-6"":0.00493}","[{""rank"":1,""recommended"":true,""feasible"":true,""budget_used"":0.445531,""budget_violation"":0,""makespan"":90.904,""deadline_violation"":0,""machine_signature"":""df08f5f0e87bfb3c"",""weighted_score"":0.869371,""diversity_score"":3.482759},{""rank"":2,""recommended"":false,""feasible"":true,""budget_used"":0.607996,""budget_violation"":0,""makespan"":90.904,""deadline_violation"":0,""machine_signature"":""f9a3686b85faca2b"",""weighted_score"":0.869371,""diversity_score"":3.482759},{""rank"":3,""recommended"":false,""feasible"":true,""budget_used"":0.616939,""budget_violation"":0,""makespan"":90.904,""deadline_violation"":0,""machine_signature"":""e69d1c9373390b03"",""weighted_score"":0.869371,""diversity_score"":3.465517},{""rank"":4,""recommended"":false,""feasible"":true,""budget_used"":0.339301,""budget_violation"":0,""makespan"":97.395,""deadline_violation"":0,""machine_signature"":""50ed113751c24de1"",""weighted_score"":0.931448,""diversity_score"":3.534483},{""rank"":5,""recommended"":false,""feasible"":true,""budget_used"":0.249214,""budget_violation"":0,""makespan"":104.563,""deadline_violation"":0,""machine_signature"":""6ec6f2365d90868f"",""weighted_score"":1,""diversity_score"":3.603448}]"
heft_colocation,cloud_hetero,14,maddid0000018|maddid0000056|mbackgroundid0000013|mbackgroundid0000033|mbackgroundid0000052|mbackgroundid0000053|mbgmodelid0000031|mconcatfitid0000030|mconcatfitid0000049|mdifffitid0000005|mdifffitid0000007|mdifffitid0000008|mdifffitid0000010|mdifffitid0000025|mdifffitid0000044|mdifffitid0000045|mdifffitid0000046|mdifffitid0000047|mdifffitid0000048|mimgtblid0000017|mimgtblid0000055|mprojectid0000001|mprojectid0000003|mprojectid0000020|mprojectid0000021|mprojectid0000023|mprojectid0000039|mprojectid0000041|mviewerid0000058,0.200000,90.960000,0.668744,0.809118,110.678240,0.000000,0.000000,true,26.599000,15,1.971000,"{""h4d-highmem-192-1"":25,""h4d-standard-192-1"":33}","{""h3-standard-88-1"":0,""h3-standard-88-2"":0,""h4d-highmem-192-1"":0.009139,""h4d-standard-192-1"":0.010722}",[]
prism_cc_cost,cloud_hetero,14,maddid0000018|maddid0000056|mbackgroundid0000013|mbackgroundid0000033|mbackgroundid0000052|mbackgroundid0000053|mbgmodelid0000031|mconcatfitid0000030|mconcatfitid0000049|mdifffitid0000005|mdifffitid0000007|mdifffitid0000008|mdifffitid0000010|mdifffitid0000025|mdifffitid0000044|mdifffitid0000045|mdifffitid0000046|mdifffitid0000047|mdifffitid0000048|mimgtblid0000017|mimgtblid0000055|mprojectid0000001|mprojectid0000003|mprojectid0000020|mprojectid0000021|mprojectid0000023|mprojectid0000039|mprojectid0000041|mviewerid0000058,0.200000,98.982000,0.215937,0.809118,110.678240,0.000000,0.000000,true,68.145000,39,371.874000,"{""h4d-standard-192-1"":58}","{""h3-standard-88-1"":0,""h3-standard-88-2"":0,""h4d-highmem-192-1"":0,""h4d-standard-192-1"":0.020438}","[{""rank"":1,""recommended"":true,""feasible"":true,""budget_used"":0.215937,""budget_violation"":0,""makespan"":98.982,""deadline_violation"":0,""machine_signature"":""4919b87ac72e3bd2"",""weighted_score"":0.215937,""diversity_score"":0},{""rank"":2,""recommended"":false,""feasible"":true,""budget_used"":0.602408,""budget_violation"":0,""makespan"":90.96,""deadline_violation"":0,""machine_signature"":""3dfd624bd3d39bfa"",""weighted_score"":0.602408,""diversity_score"":1.431034},{""rank"":3,""recommended"":false,""feasible"":true,""budget_used"":0.668744,""budget_violation"":0,""makespan"":90.96,""deadline_violation"":0,""machine_signature"":""904beb80d8af15b4"",""weighted_score"":0.668744,""diversity_score"":1.431034}]"
prism_cc_time,cloud_hetero,14,maddid0000018|maddid0000056|mbackgroundid0000013|mbackgroundid0000033|mbackgroundid0000052|mbackgroundid0000053|mbgmodelid0000031|mconcatfitid0000030|mconcatfitid0000049|mdifffitid0000005|mdifffitid0000007|mdifffitid0000008|mdifffitid0000010|mdifffitid0000025|mdifffitid0000044|mdifffitid0000045|mdifffitid0000046|mdifffitid0000047|mdifffitid0000048|mimgtblid0000017|mimgtblid0000055|mprojectid0000001|mprojectid0000003|mprojectid0000020|mprojectid0000021|mprojectid0000023|mprojectid0000039|mprojectid0000041|mviewerid0000058,0.200000,90.960000,0.602408,0.809118,110.678240,0.000000,0.000000,true,26.599000,15,371.874000,"{""h4d-highmem-192-1"":25,""h4d-standard-192-1"":33}","{""h3-standard-88-1"":0,""h3-standard-88-2"":0,""h4d-highmem-192-1"":0.009139,""h4d-standard-192-1"":0.010722}","[{""rank"":1,""recommended"":true,""feasible"":true,""budget_used"":0.602408,""budget_violation"":0,""makespan"":90.96,""deadline_violation"":0,""machine_signature"":""3dfd624bd3d39bfa"",""weighted_score"":0.918955,""diversity_score"":1.431034},{""rank"":2,""recommended"":false,""feasible"":true,""budget_used"":0.668744,""budget_violation"":0,""makespan"":90.96,""deadline_violation"":0,""machine_signature"":""904beb80d8af15b4"",""weighted_score"":0.918955,""diversity_score"":1.431034},{""rank"":3,""recommended"":false,""feasible"":true,""budget_used"":0.215937,""budget_violation"":0,""makespan"":98.982,""deadline_violation"":0,""machine_signature"":""4919b87ac72e3bd2"",""weighted_score"":1,""diversity_score"":0}]"
heft_colocation,cloud_homo,14,maddid0000018|maddid0000056|mbackgroundid0000013|mbackgroundid0000033|mbackgroundid0000052|mbackgroundid0000053|mbgmodelid0000031|mconcatfitid0000030|mconcatfitid0000049|mdifffitid0000005|mdifffitid0000007|mdifffitid0000008|mdifffitid0000010|mdifffitid0000025|mdifffitid0000044|mdifffitid0000045|mdifffitid0000046|mdifffitid0000047|mdifffitid0000048|mimgtblid0000017|mimgtblid0000055|mprojectid0000001|mprojectid0000003|mprojectid0000020|mprojectid0000021|mprojectid0000023|mprojectid0000039|mprojectid0000041|mviewerid0000058,0.200000,88.371000,1.129776,1.344726,106.047360,0.000000,0.000000,true,7.455000,4,3.143000,"{""h4d-standard-192-1"":16,""h4d-standard-192-2"":12,""h4d-standard-192-3"":18,""h4d-standard-192-4"":12}","{""h4d-standard-192-1"":0.003741,""h4d-standard-192-2"":0.004223,""h4d-standard-192-3"":0.005904,""h4d-standard-192-4"":0.005446}",[]
prism_cc_cost,cloud_homo,14,maddid0000018|maddid0000056|mbackgroundid0000013|mbackgroundid0000033|mbackgroundid0000052|mbackgroundid0000053|mbgmodelid0000031|mconcatfitid0000030|mconcatfitid0000049|mdifffitid0000005|mdifffitid0000007|mdifffitid0000008|mdifffitid0000010|mdifffitid0000025|mdifffitid0000044|mdifffitid0000045|mdifffitid0000046|mdifffitid0000047|mdifffitid0000048|mimgtblid0000017|mimgtblid0000055|mprojectid0000001|mprojectid0000003|mprojectid0000020|mprojectid0000021|mprojectid0000023|mprojectid0000039|mprojectid0000041|mviewerid0000058,0.200000,96.407000,0.210323,1.344726,106.047360,0.000000,0.000000,true,68.331000,43,418.010000,"{""h4d-standard-192-1"":58}","{""h4d-standard-192-1"":0.020994,""h4d-standard-192-2"":0,""h4d-standard-192-3"":0,""h4d-standard-192-4"":0}","[{""rank"":1,""recommended"":true,""feasible"":true,""budget_used"":0.210323,""budget_violation"":0,""makespan"":96.407,""deadline_violation"":0,""machine_signature"":""98b4555feb4da1f7"",""weighted_score"":0.186163,""diversity_score"":0},{""rank"":2,""recommended"":false,""feasible"":true,""budget_used"":0.758565,""budget_violation"":0,""makespan"":88.924,""deadline_violation"":0,""machine_signature"":""41aa753b9315ab63"",""weighted_score"":0.67143,""diversity_score"":2.5},{""rank"":3,""recommended"":false,""feasible"":true,""budget_used"":1.126423,""budget_violation"":0,""makespan"":88.371,""deadline_violation"":0,""machine_signature"":""9325bda49aa03934"",""weighted_score"":0.997032,""diversity_score"":3.689655},{""rank"":4,""recommended"":false,""feasible"":true,""budget_used"":1.129776,""budget_violation"":0,""makespan"":88.371,""deadline_violation"":0,""machine_signature"":""75cd491fc3d9f867"",""weighted_score"":1,""diversity_score"":3.689655}]"
prism_cc_time,cloud_homo,14,maddid0000018|maddid0000056|mbackgroundid0000013|mbackgroundid0000033|mbackgroundid0000052|mbackgroundid0000053|mbgmodelid0000031|mconcatfitid0000030|mconcatfitid0000049|mdifffitid0000005|mdifffitid0000007|mdifffitid0000008|mdifffitid0000010|mdifffitid0000025|mdifffitid0000044|mdifffitid0000045|mdifffitid0000046|mdifffitid0000047|mdifffitid0000048|mimgtblid0000017|mimgtblid0000055|mprojectid0000001|mprojectid0000003|mprojectid0000020|mprojectid0000021|mprojectid0000023|mprojectid0000039|mprojectid0000041|mviewerid0000058,0.200000,88.371000,1.126423,1.344726,106.047360,0.000000,0.000000,true,7.455000,4,418.010000,"{""h4d-standard-192-1"":15,""h4d-standard-192-2"":12,""h4d-standard-192-3"":18,""h4d-standard-192-4"":13}","{""h4d-standard-192-1"":0.00374,""h4d-standard-192-2"":0.004223,""h4d-standard-192-3"":0.005904,""h4d-standard-192-4"":0.005448}","[{""rank"":1,""recommended"":true,""feasible"":true,""budget_used"":1.126423,""budget_violation"":0,""makespan"":88.371,""deadline_violation"":0,""machine_signature"":""9325bda49aa03934"",""weighted_score"":0.916645,""diversity_score"":3.689655},{""rank"":2,""recommended"":false,""feasible"":true,""budget_used"":1.129776,""budget_violation"":0,""makespan"":88.371,""deadline_violation"":0,""machine_signature"":""75cd491fc3d9f867"",""weighted_score"":0.916645,""diversity_score"":3.689655},{""rank"":3,""recommended"":false,""feasible"":true,""budget_used"":0.758565,""budget_violation"":0,""makespan"":88.924,""deadline_violation"":0,""machine_signature"":""41aa753b9315ab63"",""weighted_score"":0.922381,""diversity_score"":2.5},{""rank"":4,""recommended"":false,""feasible"":true,""budget_used"":0.210323,""budget_violation"":0,""makespan"":96.407,""deadline_violation"":0,""machine_signature"":""98b4555feb4da1f7"",""weighted_score"":1,""diversity_score"":0}]"
heft_colocation,cluster_hetero,14,maddid0000018|maddid0000056|mbackgroundid0000013|mbackgroundid0000033|mbackgroundid0000052|mbackgroundid0000053|mbgmodelid0000031|mconcatfitid0000030|mconcatfitid0000049|mdifffitid0000005|mdifffitid0000007|mdifffitid0000008|mdifffitid0000010|mdifffitid0000025|mdifffitid0000044|mdifffitid0000045|mdifffitid0000046|mdifffitid0000047|mdifffitid0000048|mimgtblid0000017|mimgtblid0000055|mprojectid0000001|mprojectid0000003|mprojectid0000020|mprojectid0000021|mprojectid0000023|mprojectid0000039|mprojectid0000041|mviewerid0000058,0.200000,281.883000,0.000000,0.000000,346.902440,0.000000,0.000000,true,76.283000,13,0.932000,"{""bora005"":19,""bora006"":25,""diablo01"":7,""diablo02"":7}","{""bora005"":0.078032,""bora006"":0.087363,""diablo01"":0.005875,""diablo02"":0.006012}",[]
prism_cc_cost,cluster_hetero,14,maddid0000018|maddid0000056|mbackgroundid0000013|mbackgroundid0000033|mbackgroundid0000052|mbackgroundid0000053|mbgmodelid0000031|mconcatfitid0000030|mconcatfitid0000049|mdifffitid0000005|mdifffitid0000007|mdifffitid0000008|mdifffitid0000010|mdifffitid0000025|mdifffitid0000044|mdifffitid0000045|mdifffitid0000046|mdifffitid0000047|mdifffitid0000048|mimgtblid0000017|mimgtblid0000055|mprojectid0000001|mprojectid0000003|mprojectid0000020|mprojectid0000021|mprojectid0000023|mprojectid0000039|mprojectid0000041|mviewerid0000058,0.200000,281.883000,0.000000,0.000000,346.902440,0.000000,0.000000,true,46.243000,7,205.458000,"{""bora005"":18,""bora006"":24,""diablo01"":8,""diablo02"":8}","{""bora005"":0.068005,""bora006"":0.074307,""diablo01"":0.017718,""diablo02"":0.008041}","[{""rank"":1,""recommended"":true,""feasible"":true,""budget_used"":0,""budget_violation"":0,""makespan"":281.883,""deadline_violation"":0,""machine_signature"":""e767d70fbbc12471"",""weighted_score"":0,""diversity_score"":3.586207},{""rank"":2,""recommended"":false,""feasible"":true,""budget_used"":0,""budget_violation"":0,""makespan"":281.883,""deadline_violation"":0,""machine_signature"":""604067f96c1e9473"",""weighted_score"":0,""diversity_score"":3.568966}]"
prism_cc_time,cluster_hetero,14,maddid0000018|maddid0000056|mbackgroundid0000013|mbackgroundid0000033|mbackgroundid0000052|mbackgroundid0000053|mbgmodelid0000031|mconcatfitid0000030|mconcatfitid0000049|mdifffitid0000005|mdifffitid0000007|mdifffitid0000008|mdifffitid0000010|mdifffitid0000025|mdifffitid0000044|mdifffitid0000045|mdifffitid0000046|mdifffitid0000047|mdifffitid0000048|mimgtblid0000017|mimgtblid0000055|mprojectid0000001|mprojectid0000003|mprojectid0000020|mprojectid0000021|mprojectid0000023|mprojectid0000039|mprojectid0000041|mviewerid0000058,0.200000,281.883000,0.000000,0.000000,346.902440,0.000000,0.000000,true,46.243000,7,205.458000,"{""bora005"":18,""bora006"":24,""diablo01"":8,""diablo02"":8}","{""bora005"":0.068005,""bora006"":0.074307,""diablo01"":0.017718,""diablo02"":0.008041}","[{""rank"":1,""recommended"":true,""feasible"":true,""budget_used"":0,""budget_violation"":0,""makespan"":281.883,""deadline_violation"":0,""machine_signature"":""e767d70fbbc12471"",""weighted_score"":1,""diversity_score"":3.586207},{""rank"":2,""recommended"":false,""feasible"":true,""budget_used"":0,""budget_violation"":0,""makespan"":281.883,""deadline_violation"":0,""machine_signature"":""604067f96c1e9473"",""weighted_score"":1,""diversity_score"":3.568966}]"
heft_colocation,cluster_homo,14,maddid0000018|maddid0000056|mbackgroundid0000013|mbackgroundid0000033|mbackgroundid0000052|mbackgroundid0000053|mbgmodelid0000031|mconcatfitid0000030|mconcatfitid0000049|mdifffitid0000005|mdifffitid0000007|mdifffitid0000008|mdifffitid0000010|mdifffitid0000025|mdifffitid0000044|mdifffitid0000045|mdifffitid0000046|mdifffitid0000047|mdifffitid0000048|mimgtblid0000017|mimgtblid0000055|mprojectid0000001|mprojectid0000003|mprojectid0000020|mprojectid0000021|mprojectid0000023|mprojectid0000039|mprojectid0000041|mviewerid0000058,0.200000,281.326000,0.000000,0.000000,337.591200,0.000000,0.000000,true,42.176000,8,0.837000,"{""bora001"":14,""bora002"":17,""bora003"":16,""bora004"":11}","{""bora001"":0.034596,""bora002"":0.040055,""bora003"":0.054681,""bora004"":0.049985}",[]
prism_cc_cost,cluster_homo,14,maddid0000018|maddid0000056|mbackgroundid0000013|mbackgroundid0000033|mbackgroundid0000052|mbackgroundid0000053|mbgmodelid0000031|mconcatfitid0000030|mconcatfitid0000049|mdifffitid0000005|mdifffitid0000007|mdifffitid0000008|mdifffitid0000010|mdifffitid0000025|mdifffitid0000044|mdifffitid0000045|mdifffitid0000046|mdifffitid0000047|mdifffitid0000048|mimgtblid0000017|mimgtblid0000055|mprojectid0000001|mprojectid0000003|mprojectid0000020|mprojectid0000021|mprojectid0000023|mprojectid0000039|mprojectid0000041|mviewerid0000058,0.200000,281.326000,0.000000,0.000000,337.591200,0.000000,0.000000,true,42.176000,8,177.550000,"{""bora001"":14,""bora002"":17,""bora003"":16,""bora004"":11}","{""bora001"":0.034596,""bora002"":0.040055,""bora003"":0.054681,""bora004"":0.049985}","[{""rank"":1,""recommended"":true,""feasible"":true,""budget_used"":0,""budget_violation"":0,""makespan"":281.326,""deadline_violation"":0,""machine_signature"":""d0a08d3e84e096a0"",""weighted_score"":0,""diversity_score"":3.706897},{""rank"":2,""recommended"":false,""feasible"":true,""budget_used"":0,""budget_violation"":0,""makespan"":281.725,""deadline_violation"":0,""machine_signature"":""31389510688e55bd"",""weighted_score"":0,""diversity_score"":3.689655}]"
prism_cc_time,cluster_homo,14,maddid0000018|maddid0000056|mbackgroundid0000013|mbackgroundid0000033|mbackgroundid0000052|mbackgroundid0000053|mbgmodelid0000031|mconcatfitid0000030|mconcatfitid0000049|mdifffitid0000005|mdifffitid0000007|mdifffitid0000008|mdifffitid0000010|mdifffitid0000025|mdifffitid0000044|mdifffitid0000045|mdifffitid0000046|mdifffitid0000047|mdifffitid0000048|mimgtblid0000017|mimgtblid0000055|mprojectid0000001|mprojectid0000003|mprojectid0000020|mprojectid0000021|mprojectid0000023|mprojectid0000039|mprojectid0000041|mviewerid0000058,0.200000,281.326000,0.000000,0.000000,337.591200,0.000000,0.000000,true,42.176000,8,177.550000,"{""bora001"":14,""bora002"":17,""bora003"":16,""bora004"":11}","{""bora001"":0.034596,""bora002"":0.040055,""bora003"":0.054681,""bora004"":0.049985}","[{""rank"":1,""recommended"":true,""feasible"":true,""budget_used"":0,""budget_violation"":0,""makespan"":281.326,""deadline_violation"":0,""machine_signature"":""d0a08d3e84e096a0"",""weighted_score"":0.998584,""diversity_score"":3.706897},{""rank"":2,""recommended"":false,""feasible"":true,""budget_used"":0,""budget_violation"":0,""makespan"":281.725,""deadline_violation"":0,""machine_signature"":""31389510688e55bd"",""weighted_score"":1,""diversity_score"":3.689655}]"
heft_colocation,hybrid_hetero,14,maddid0000018|maddid0000056|mbackgroundid0000013|mbackgroundid0000033|mbackgroundid0000052|mbackgroundid0000053|mbgmodelid0000031|mconcatfitid0000030|mconcatfitid0000049|mdifffitid0000005|mdifffitid0000007|mdifffitid0000008|mdifffitid0000010|mdifffitid0000025|mdifffitid0000044|mdifffitid0000045|mdifffitid0000046|mdifffitid0000047|mdifffitid0000048|mimgtblid0000017|mimgtblid0000055|mprojectid0000001|mprojectid0000003|mprojectid0000020|mprojectid0000021|mprojectid0000023|mprojectid0000039|mprojectid0000041|mviewerid0000058,0.200000,95.016000,0.481780,0.507908,117.111320,0.000000,0.000000,true,52.736000,32,1.502000,"{""bora011"":2,""diablo03"":1,""h3-standard-88-2"":11,""h4d-standard-192-7"":44}","{""bora011"":0.000536,""diablo03"":0.000203,""h3-standard-88-2"":0.003989,""h4d-standard-192-7"":0.019487}",[]
prism_cc_cost,hybrid_hetero,14,maddid0000018|maddid0000056|mbackgroundid0000013|mbackgroundid0000033|mbackgroundid0000052|mbackgroundid0000053|mbgmodelid0000031|mconcatfitid0000030|mconcatfitid0000049|mdifffitid0000005|mdifffitid0000007|mdifffitid0000008|mdifffitid0000010|mdifffitid0000025|mdifffitid0000044|mdifffitid0000045|mdifffitid0000046|mdifffitid0000047|mdifffitid0000048|mimgtblid0000017|mimgtblid0000055|mprojectid0000001|mprojectid0000003|mprojectid0000020|mprojectid0000021|mprojectid0000023|mprojectid0000039|mprojectid0000041|mviewerid0000058,0.200000,99.516000,0.345137,0.507908,117.111320,0.000000,0.000000,true,52.737000,32,331.601000,"{""bora011"":12,""diablo03"":6,""h3-standard-88-2"":7,""h4d-standard-192-7"":33}","{""bora011"":0.003937,""diablo03"":0.001852,""h3-standard-88-2"":0.003654,""h4d-standard-192-7"":0.018446}","[{""rank"":1,""recommended"":true,""feasible"":true,""budget_used"":0.345137,""budget_violation"":0,""makespan"":99.516,""deadline_violation"":0,""machine_signature"":""91bba51682341128"",""weighted_score"":0.345137,""diversity_score"":3.431034},{""rank"":2,""recommended"":false,""feasible"":true,""budget_used"":0.396231,""budget_violation"":0,""makespan"":95.371,""deadline_violation"":0,""machine_signature"":""b898737f8358ab79"",""weighted_score"":0.396231,""diversity_score"":3.241379},{""rank"":3,""recommended"":false,""feasible"":true,""budget_used"":0.45874,""budget_violation"":0,""makespan"":95.016,""deadline_violation"":0,""machine_signature"":""e92ee585fe4e88f7"",""weighted_score"":0.45874,""diversity_score"":3.241379},{""rank"":4,""recommended"":false,""feasible"":true,""budget_used"":0.48178,""budget_violation"":0,""makespan"":95.016,""deadline_violation"":0,""machine_signature"":""e2d46cf7f292e037"",""weighted_score"":0.48178,""diversity_score"":3.241379}]"
prism_cc_time,hybrid_hetero,14,maddid0000018|maddid0000056|mbackgroundid0000013|mbackgroundid0000033|mbackgroundid0000052|mbackgroundid0000053|mbgmodelid0000031|mconcatfitid0000030|mconcatfitid0000049|mdifffitid0000005|mdifffitid0000007|mdifffitid0000008|mdifffitid0000010|mdifffitid0000025|mdifffitid0000044|mdifffitid0000045|mdifffitid0000046|mdifffitid0000047|mdifffitid0000048|mimgtblid0000017|mimgtblid0000055|mprojectid0000001|mprojectid0000003|mprojectid0000020|mprojectid0000021|mprojectid0000023|mprojectid0000039|mprojectid0000041|mviewerid0000058,0.200000,95.016000,0.458740,0.507908,117.111320,0.000000,0.000000,true,52.736000,32,331.601000,"{""bora011"":3,""diablo03"":1,""h3-standard-88-2"":10,""h4d-standard-192-7"":44}","{""bora011"":0.000577,""diablo03"":0.000203,""h3-standard-88-2"":0.003983,""h4d-standard-192-7"":0.019487}","[{""rank"":1,""recommended"":true,""feasible"":true,""budget_used"":0.45874,""budget_violation"":0,""makespan"":95.016,""deadline_violation"":0,""machine_signature"":""e92ee585fe4e88f7"",""weighted_score"":0.954781,""diversity_score"":3.241379},{""rank"":2,""recommended"":false,""feasible"":true,""budget_used"":0.48178,""budget_violation"":0,""makespan"":95.016,""deadline_violation"":0,""machine_signature"":""e2d46cf7f292e037"",""weighted_score"":0.954781,""diversity_score"":3.241379},{""rank"":3,""recommended"":false,""feasible"":true,""budget_used"":0.396231,""budget_violation"":0,""makespan"":95.371,""deadline_violation"":0,""machine_signature"":""b898737f8358ab79"",""weighted_score"":0.958348,""diversity_score"":3.241379},{""rank"":4,""recommended"":false,""feasible"":true,""budget_used"":0.345137,""budget_violation"":0,""makespan"":99.516,""deadline_violation"":0,""machine_signature"":""91bba51682341128"",""weighted_score"":1,""diversity_score"":3.431034}]"
heft_colocation,hybrid_homo,14,maddid0000018|maddid0000056|mbackgroundid0000013|mbackgroundid0000033|mbackgroundid0000052|mbackgroundid0000053|mbgmodelid0000031|mconcatfitid0000030|mconcatfitid0000049|mdifffitid0000005|mdifffitid0000007|mdifffitid0000008|mdifffitid0000010|mdifffitid0000025|mdifffitid0000044|mdifffitid0000045|mdifffitid0000046|mdifffitid0000047|mdifffitid0000048|mimgtblid0000017|mimgtblid0000055|mprojectid0000001|mprojectid0000003|mprojectid0000020|mprojectid0000021|mprojectid0000023|mprojectid0000039|mprojectid0000041|mviewerid0000058,0.200000,90.904000,0.619681,0.747528,110.602640,0.000000,0.000000,true,26.599000,15,1.593000,"{""bora009"":2,""bora010"":1,""h4d-standard-192-5"":31,""h4d-standard-192-6"":24}","{""bora009"":0.00056,""bora010"":0.000302,""h4d-standard-192-5"":0.010717,""h4d-standard-192-6"":0.009128}",[]
prism_cc_cost,hybrid_homo,14,maddid0000018|maddid0000056|mbackgroundid0000013|mbackgroundid0000033|mbackgroundid0000052|mbackgroundid0000053|mbgmodelid0000031|mconcatfitid0000030|mconcatfitid0000049|mdifffitid0000005|mdifffitid0000007|mdifffitid0000008|mdifffitid0000010|mdifffitid0000025|mdifffitid0000044|mdifffitid0000045|mdifffitid0000046|mdifffitid0000047|mdifffitid0000048|mimgtblid0000017|mimgtblid0000055|mprojectid0000001|mprojectid0000003|mprojectid0000020|mprojectid0000021|mprojectid0000023|mprojectid0000039|mprojectid0000041|mviewerid0000058,0.200000,109.951000,0.363194,0.747528,110.602640,0.000000,0.000000,true,34.651000,14,310.862000,"{""bora009"":20,""bora010"":16,""h4d-standard-192-5"":18,""h4d-standard-192-6"":4}","{""bora009"":0.007768,""bora010"":0.008986,""h4d-standard-192-5"":0.011895,""h4d-standard-192-6"":0.0043}","[{""rank"":1,""recommended"":true,""feasible"":true,""budget_used"":0.363194,""budget_violation"":0,""makespan"":109.951,""deadline_violation"":0,""machine_signature"":""322947a0d5df3f56"",""weighted_score"":0.363194,""diversity_score"":3.655172},{""rank"":2,""recommended"":false,""feasible"":true,""budget_used"":0.527471,""budget_violation"":0,""makespan"":90.904,""deadline_violation"":0,""machine_signature"":""113810b00563ca03"",""weighted_score"":0.527471,""diversity_score"":3.517241},{""rank"":3,""recommended"":false,""feasible"":true,""budget_used"":0.619681,""budget_violation"":0,""makespan"":90.904,""deadline_violation"":0,""machine_signature"":""11aa0410d933730d"",""weighted_score"":0.619681,""diversity_score"":3.465517}]"
prism_cc_time,hybrid_homo,14,maddid0000018|maddid0000056|mbackgroundid0000013|mbackgroundid0000033|mbackgroundid0000052|mbackgroundid0000053|mbgmodelid0000031|mconcatfitid0000030|mconcatfitid0000049|mdifffitid0000005|mdifffitid0000007|mdifffitid0000008|mdifffitid0000010|mdifffitid0000025|mdifffitid0000044|mdifffitid0000045|mdifffitid0000046|mdifffitid0000047|mdifffitid0000048|mimgtblid0000017|mimgtblid0000055|mprojectid0000001|mprojectid0000003|mprojectid0000020|mprojectid0000021|mprojectid0000023|mprojectid0000039|mprojectid0000041|mviewerid0000058,0.200000,90.904000,0.527471,0.747528,110.602640,0.000000,0.000000,true,26.599000,15,310.862000,"{""bora009"":4,""bora010"":2,""h4d-standard-192-5"":28,""h4d-standard-192-6"":24}","{""bora009"":0.000991,""bora010"":0.000689,""h4d-standard-192-5"":0.010695,""h4d-standard-192-6"":0.009122}","[{""rank"":1,""recommended"":true,""feasible"":true,""budget_used"":0.527471,""budget_violation"":0,""makespan"":90.904,""deadline_violation"":0,""machine_signature"":""113810b00563ca03"",""weighted_score"":0.826768,""diversity_score"":3.517241},{""rank"":2,""recommended"":false,""feasible"":true,""budget_used"":0.619681,""budget_violation"":0,""makespan"":90.904,""deadline_violation"":0,""machine_signature"":""11aa0410d933730d"",""weighted_score"":0.826768,""diversity_score"":3.465517},{""rank"":3,""recommended"":false,""feasible"":true,""budget_used"":0.363194,""budget_violation"":0,""makespan"":109.951,""deadline_violation"":0,""machine_signature"":""322947a0d5df3f56"",""weighted_score"":1,""diversity_score"":3.655172}]"
heft_colocation,cloud_hetero,15,maddid0000037|maddid0000056|mbackgroundid0000014|mbackgroundid0000032|mbackgroundid0000034|mbackgroundid0000051|mbackgroundid0000052|mbgmodelid0000031|mbgmodelid0000050|mconcatfitid0000011|mconcatfitid0000030|mconcatfitid0000049|mdifffitid0000006|mdifffitid0000008|mdifffitid0000025|mdifffitid0000026|mdifffitid0000027|mdifffitid0000046|mdifffitid0000047|mimgtblid0000055|mprojectid0000001|mprojectid0000003|mprojectid0000004|mprojectid0000021|mprojectid0000023|mprojectid0000039|mprojectid0000041|mviewerid0000038|mviewerid0000057,0.200000,90.960000,0.668065,0.809118,110.678240,0.000000,0.000000,true,29.640000,21,2.384000,"{""h4d-highmem-192-1"":24,""h4d-standard-192-1"":34}","{""h3-standard-88-1"":0,""h3-standard-88-2"":0,""h4d-highmem-192-1"":0.009655,""h4d-standard-192-1"":0.01038}",[]
prism_cc_cost,cloud_hetero,15,maddid0000037|maddid0000056|mbackgroundid0000014|mbackgroundid0000032|mbackgroundid0000034|mbackgroundid0000051|mbackgroundid0000052|mbgmodelid0000031|mbgmodelid0000050|mconcatfitid0000011|mconcatfitid0000030|mconcatfitid0000049|mdifffitid0000006|mdifffitid0000008|mdifffitid0000025|mdifffitid0000026|mdifffitid0000027|mdifffitid0000046|mdifffitid0000047|mimgtblid0000055|mprojectid0000001|mprojectid0000003|mprojectid0000004|mprojectid0000021|mprojectid0000023|mprojectid0000039|mprojectid0000041|mviewerid0000038|mviewerid0000057,0.200000,98.895000,0.215750,0.809118,110.678240,0.000000,0.000000,true,74.046000,44,323.091000,"{""h4d-standard-192-1"":58}","{""h3-standard-88-1"":0,""h3-standard-88-2"":0,""h4d-highmem-192-1"":0,""h4d-standard-192-1"":0.020766}","[{""rank"":1,""recommended"":true,""feasible"":true,""budget_used"":0.21575,""budget_violation"":0,""makespan"":98.895,""deadline_violation"":0,""machine_signature"":""a4a49ea1ddd47cbb"",""weighted_score"":0.21575,""diversity_score"":0},{""rank"":2,""recommended"":false,""feasible"":true,""budget_used"":0.610982,""budget_violation"":0,""makespan"":90.96,""deadline_violation"":0,""machine_signature"":""626fee655cfe6099"",""weighted_score"":0.610982,""diversity_score"":1.431034},{""rank"":3,""recommended"":false,""feasible"":true,""budget_used"":0.668065,""budget_violation"":0,""makespan"":90.96,""deadline_violation"":0,""machine_signature"":""f94d856a955edbcc"",""weighted_score"":0.668065,""diversity_score"":1.413793}]"
prism_cc_time,cloud_hetero,15,maddid0000037|maddid0000056|mbackgroundid0000014|mbackgroundid0000032|mbackgroundid0000034|mbackgroundid0000051|mbackgroundid0000052|mbgmodelid0000031|mbgmodelid0000050|mconcatfitid0000011|mconcatfitid0000030|mconcatfitid0000049|mdifffitid0000006|mdifffitid0000008|mdifffitid0000025|mdifffitid0000026|mdifffitid0000027|mdifffitid0000046|mdifffitid0000047|mimgtblid0000055|mprojectid0000001|mprojectid0000003|mprojectid0000004|mprojectid0000021|mprojectid0000023|mprojectid0000039|mprojectid0000041|mviewerid0000038|mviewerid0000057,0.200000,90.960000,0.610982,0.809118,110.678240,0.000000,0.000000,true,29.640000,21,323.091000,"{""h4d-highmem-192-1"":25,""h4d-standard-192-1"":33}","{""h3-standard-88-1"":0,""h3-standard-88-2"":0,""h4d-highmem-192-1"":0.009663,""h4d-standard-192-1"":0.010373}","[{""rank"":1,""recommended"":true,""feasible"":true,""budget_used"":0.610982,""budget_violation"":0,""makespan"":90.96,""deadline_violation"":0,""machine_signature"":""626fee655cfe6099"",""weighted_score"":0.919763,""diversity_score"":1.431034},{""rank"":2,""recommended"":false,""feasible"":true,""budget_used"":0.668065,""budget_violation"":0,""makespan"":90.96,""deadline_violation"":0,""machine_signature"":""f94d856a955edbcc"",""weighted_score"":0.919763,""diversity_score"":1.413793},{""rank"":3,""recommended"":false,""feasible"":true,""budget_used"":0.21575,""budget_violation"":0,""makespan"":98.895,""deadline_violation"":0,""machine_signature"":""a4a49ea1ddd47cbb"",""weighted_score"":1,""diversity_score"":0}]"
heft_colocation,cloud_homo,15,maddid0000037|maddid0000056|mbackgroundid0000014|mbackgroundid0000032|mbackgroundid0000034|mbackgroundid0000051|mbackgroundid0000052|mbgmodelid0000031|mbgmodelid0000050|mconcatfitid0000011|mconcatfitid0000030|mconcatfitid0000049|mdifffitid0000006|mdifffitid0000008|mdifffitid0000025|mdifffitid0000026|mdifffitid0000027|mdifffitid0000046|mdifffitid0000047|mimgtblid0000055|mprojectid0000001|mprojectid0000003|mprojectid0000004|mprojectid0000021|mprojectid0000023|mprojectid0000039|mprojectid0000041|mviewerid0000038|mviewerid0000057,0.200000,88.371000,1.109914,1.344726,106.047360,0.000000,0.000000,true,8.682000,6,3.269000,"{""h4d-standard-192-1"":17,""h4d-standard-192-2"":11,""h4d-standard-192-3"":18,""h4d-standard-192-4"":12}","{""h4d-standard-192-1"":0.004539,""h4d-standard-192-2"":0.004191,""h4d-standard-192-3"":0.004512,""h4d-standard-192-4"":0.006145}",[]
prism_cc_cost,cloud_homo,15,maddid0000037|maddid0000056|mbackgroundid0000014|mbackgroundid0000032|mbackgroundid0000034|mbackgroundid0000051|mbackgroundid0000052|mbgmodelid0000031|mbgmodelid0000050|mconcatfitid0000011|mconcatfitid0000030|mconcatfitid0000049|mdifffitid0000006|mdifffitid0000008|mdifffitid0000025|mdifffitid0000026|mdifffitid0000027|mdifffitid0000046|mdifffitid0000047|mimgtblid0000055|mprojectid0000001|mprojectid0000003|mprojectid0000004|mprojectid0000021|mprojectid0000023|mprojectid0000039|mprojectid0000041|mviewerid0000038|mviewerid0000057,0.200000,96.407000,0.210316,1.344726,106.047360,0.000000,0.000000,true,73.827000,42,408.492000,"{""h4d-standard-192-1"":58}","{""h4d-standard-192-1"":0.02129,""h4d-standard-192-2"":0,""h4d-standard-192-3"":0,""h4d-standard-192-4"":0}","[{""rank"":1,""recommended"":true,""feasible"":true,""budget_used"":0.210316,""budget_violation"":0,""makespan"":96.407,""deadline_violation"":0,""machine_signature"":""8d2adf630c3594f9"",""weighted_score"":0.189489,""diversity_score"":0},{""rank"":2,""recommended"":false,""feasible"":true,""budget_used"":0.758562,""budget_violation"":0,""makespan"":88.924,""deadline_violation"":0,""machine_signature"":""638777bdcd3bbb8c"",""weighted_score"":0.683442,""diversity_score"":2.5},{""rank"":3,""recommended"":false,""feasible"":true,""budget_used"":1.106563,""budget_violation"":0,""makespan"":88.371,""deadline_violation"":0,""machine_signature"":""281b36ffccdef340"",""weighted_score"":0.996981,""diversity_score"":3.689655},{""rank"":4,""recommended"":false,""feasible"":true,""budget_used"":1.109914,""budget_violation"":0,""makespan"":88.371,""deadline_violation"":0,""machine_signature"":""907c235246493093"",""weighted_score"":1,""diversity_score"":3.689655}]"
prism_cc_time,cloud_homo,15,maddid0000037|maddid0000056|mbackgroundid0000014|mbackgroundid0000032|mbackgroundid0000034|mbackgroundid0000051|mbackgroundid0000052|mbgmodelid0000031|mbgmodelid0000050|mconcatfitid0000011|mconcatfitid0000030|mconcatfitid0000049|mdifffitid0000006|mdifffitid0000008|mdifffitid0000025|mdifffitid0000026|mdifffitid0000027|mdifffitid0000046|mdifffitid0000047|mimgtblid0000055|mprojectid0000001|mprojectid0000003|mprojectid0000004|mprojectid0000021|mprojectid0000023|mprojectid0000039|mprojectid0000041|mviewerid0000038|mviewerid0000057,0.200000,88.371000,1.106563,1.344726,106.047360,0.000000,0.000000,true,8.682000,6,408.492000,"{""h4d-standard-192-1"":16,""h4d-standard-192-2"":11,""h4d-standard-192-3"":18,""h4d-standard-192-4"":13}","{""h4d-standard-192-1"":0.004537,""h4d-standard-192-2"":0.004191,""h4d-standard-192-3"":0.004512,""h4d-standard-192-4"":0.006147}","[{""rank"":1,""recommended"":true,""feasible"":true,""budget_used"":1.106563,""budget_violation"":0,""makespan"":88.371,""deadline_violation"":0,""machine_signature"":""281b36ffccdef340"",""weighted_score"":0.916645,""diversity_score"":3.689655},{""rank"":2,""recommended"":false,""feasible"":true,""budget_used"":1.109914,""budget_violation"":0,""makespan"":88.371,""deadline_violation"":0,""machine_signature"":""907c235246493093"",""weighted_score"":0.916645,""diversity_score"":3.689655},{""rank"":3,""recommended"":false,""feasible"":true,""budget_used"":0.758562,""budget_violation"":0,""makespan"":88.924,""deadline_violation"":0,""machine_signature"":""638777bdcd3bbb8c"",""weighted_score"":0.922381,""diversity_score"":2.5},{""rank"":4,""recommended"":false,""feasible"":true,""budget_used"":0.210316,""budget_violation"":0,""makespan"":96.407,""deadline_violation"":0,""machine_signature"":""8d2adf630c3594f9"",""weighted_score"":1,""diversity_score"":0}]"
heft_colocation,cluster_hetero,15,maddid0000037|maddid0000056|mbackgroundid0000014|mbackgroundid0000032|mbackgroundid0000034|mbackgroundid0000051|mbackgroundid0000052|mbgmodelid0000031|mbgmodelid0000050|mconcatfitid0000011|mconcatfitid0000030|mconcatfitid0000049|mdifffitid0000006|mdifffitid0000008|mdifffitid0000025|mdifffitid0000026|mdifffitid0000027|mdifffitid0000046|mdifffitid0000047|mimgtblid0000055|mprojectid0000001|mprojectid0000003|mprojectid0000004|mprojectid0000021|mprojectid0000023|mprojectid0000039|mprojectid0000041|mviewerid0000038|mviewerid0000057,0.200000,281.883000,0.000000,0.000000,346.902440,0.000000,0.000000,true,79.470000,16,0.929000,"{""bora005"":20,""bora006"":27,""diablo01"":6,""diablo02"":5}","{""bora005"":0.075491,""bora006"":0.087994,""diablo01"":0.005846,""diablo02"":0.007602}",[]
prism_cc_cost,cluster_hetero,15,maddid0000037|maddid0000056|mbackgroundid0000014|mbackgroundid0000032|mbackgroundid0000034|mbackgroundid0000051|mbackgroundid0000052|mbgmodelid0000031|mbgmodelid0000050|mconcatfitid0000011|mconcatfitid0000030|mconcatfitid0000049|mdifffitid0000006|mdifffitid0000008|mdifffitid0000025|mdifffitid0000026|mdifffitid0000027|mdifffitid0000046|mdifffitid0000047|mimgtblid0000055|mprojectid0000001|mprojectid0000003|mprojectid0000004|mprojectid0000021|mprojectid0000023|mprojectid0000039|mprojectid0000041|mviewerid0000038|mviewerid0000057,0.200000,281.883000,0.000000,0.000000,346.902440,0.000000,0.000000,true,50.406000,6,188.068000,"{""bora005"":19,""bora006"":22,""diablo01"":9,""diablo02"":8}","{""bora005"":0.063821,""bora006"":0.080494,""diablo01"":0.015919,""diablo02"":0.008803}","[{""rank"":1,""recommended"":true,""feasible"":true,""budget_used"":0,""budget_violation"":0,""makespan"":281.883,""deadline_violation"":0,""machine_signature"":""be5df748dc58e8d1"",""weighted_score"":0,""diversity_score"":3.62069},{""rank"":2,""recommended"":false,""feasible"":true,""budget_used"":0,""budget_violation"":0,""makespan"":281.883,""deadline_violation"":0,""machine_signature"":""f7cd9eac996d8278"",""weighted_score"":0,""diversity_score"":3.534483}]"
prism_cc_time,cluster_hetero,15,maddid0000037|maddid0000056|mbackgroundid0000014|mbackgroundid0000032|mbackgroundid0000034|mbackgroundid0000051|mbackgroundid0000052|mbgmodelid0000031|mbgmodelid0000050|mconcatfitid0000011|mconcatfitid0000030|mconcatfitid0000049|mdifffitid0000006|mdifffitid0000008|mdifffitid0000025|mdifffitid0000026|mdifffitid0000027|mdifffitid0000046|mdifffitid0000047|mimgtblid0000055|mprojectid0000001|mprojectid0000003|mprojectid0000004|mprojectid0000021|mprojectid0000023|mprojectid0000039|mprojectid0000041|mviewerid0000038|mviewerid0000057,0.200000,281.883000,0.000000,0.000000,346.902440,0.000000,0.000000,true,50.406000,6,188.068000,"{""bora005"":19,""bora006"":22,""diablo01"":9,""diablo02"":8}","{""bora005"":0.063821,""bora006"":0.080494,""diablo01"":0.015919,""diablo02"":0.008803}","[{""rank"":1,""recommended"":true,""feasible"":true,""budget_used"":0,""budget_violation"":0,""makespan"":281.883,""deadline_violation"":0,""machine_signature"":""be5df748dc58e8d1"",""weighted_score"":1,""diversity_score"":3.62069},{""rank"":2,""recommended"":false,""feasible"":true,""budget_used"":0,""budget_violation"":0,""makespan"":281.883,""deadline_violation"":0,""machine_signature"":""f7cd9eac996d8278"",""weighted_score"":1,""diversity_score"":3.534483}]"
heft_colocation,cluster_homo,15,maddid0000037|maddid0000056|mbackgroundid0000014|mbackgroundid0000032|mbackgroundid0000034|mbackgroundid0000051|mbackgroundid0000052|mbgmodelid0000031|mbgmodelid0000050|mconcatfitid0000011|mconcatfitid0000030|mconcatfitid0000049|mdifffitid0000006|mdifffitid0000008|mdifffitid0000025|mdifffitid0000026|mdifffitid0000027|mdifffitid0000046|mdifffitid0000047|mimgtblid0000055|mprojectid0000001|mprojectid0000003|mprojectid0000004|mprojectid0000021|mprojectid0000023|mprojectid0000039|mprojectid0000041|mviewerid0000038|mviewerid0000057,0.200000,281.326000,0.000000,0.000000,337.591200,0.000000,0.000000,true,48.044000,7,0.898000,"{""bora001"":15,""bora002"":17,""bora003"":14,""bora004"":12}","{""bora001"":0.041908,""bora002"":0.04005,""bora003"":0.041069,""bora004"":0.05687}",[]
prism_cc_cost,cluster_homo,15,maddid0000037|maddid0000056|mbackgroundid0000014|mbackgroundid0000032|mbackgroundid0000034|mbackgroundid0000051|mbackgroundid0000052|mbgmodelid0000031|mbgmodelid0000050|mconcatfitid0000011|mconcatfitid0000030|mconcatfitid0000049|mdifffitid0000006|mdifffitid0000008|mdifffitid0000025|mdifffitid0000026|mdifffitid0000027|mdifffitid0000046|mdifffitid0000047|mimgtblid0000055|mprojectid0000001|mprojectid0000003|mprojectid0000004|mprojectid0000021|mprojectid0000023|mprojectid0000039|mprojectid0000041|mviewerid0000038|mviewerid0000057,0.200000,281.326000,0.000000,0.000000,337.591200,0.000000,0.000000,true,48.044000,7,167.581000,"{""bora001"":15,""bora002"":17,""bora003"":14,""bora004"":12}","{""bora001"":0.041908,""bora002"":0.04005,""bora003"":0.041069,""bora004"":0.05687}","[{""rank"":1,""recommended"":true,""feasible"":true,""budget_used"":0,""budget_violation"":0,""makespan"":281.326,""deadline_violation"":0,""machine_signature"":""dac905a5608ea3e1"",""weighted_score"":0,""diversity_score"":3.706897},{""rank"":2,""recommended"":false,""feasible"":true,""budget_used"":0,""budget_violation"":0,""makespan"":281.326,""deadline_violation"":0,""machine_signature"":""32bd86cac8ca72da"",""weighted_score"":0,""diversity_score"":3.689655}]"
prism_cc_time,cluster_homo,15,maddid0000037|maddid0000056|mbackgroundid0000014|mbackgroundid0000032|mbackgroundid0000034|mbackgroundid0000051|mbackgroundid0000052|mbgmodelid0000031|mbgmodelid0000050|mconcatfitid0000011|mconcatfitid0000030|mconcatfitid0000049|mdifffitid0000006|mdifffitid0000008|mdifffitid0000025|mdifffitid0000026|mdifffitid0000027|mdifffitid0000046|mdifffitid0000047|mimgtblid0000055|mprojectid0000001|mprojectid0000003|mprojectid0000004|mprojectid0000021|mprojectid0000023|mprojectid0000039|mprojectid0000041|mviewerid0000038|mviewerid0000057,0.200000,281.326000,0.000000,0.000000,337.591200,0.000000,0.000000,true,48.044000,7,167.581000,"{""bora001"":15,""bora002"":17,""bora003"":14,""bora004"":12}","{""bora001"":0.041908,""bora002"":0.04005,""bora003"":0.041069,""bora004"":0.05687}","[{""rank"":1,""recommended"":true,""feasible"":true,""budget_used"":0,""budget_violation"":0,""makespan"":281.326,""deadline_violation"":0,""machine_signature"":""dac905a5608ea3e1"",""weighted_score"":1,""diversity_score"":3.706897},{""rank"":2,""recommended"":false,""feasible"":true,""budget_used"":0,""budget_violation"":0,""makespan"":281.326,""deadline_violation"":0,""machine_signature"":""32bd86cac8ca72da"",""weighted_score"":1,""diversity_score"":3.689655}]"
heft_colocation,hybrid_hetero,15,maddid0000037|maddid0000056|mbackgroundid0000014|mbackgroundid0000032|mbackgroundid0000034|mbackgroundid0000051|mbackgroundid0000052|mbgmodelid0000031|mbgmodelid0000050|mconcatfitid0000011|mconcatfitid0000030|mconcatfitid0000049|mdifffitid0000006|mdifffitid0000008|mdifffitid0000025|mdifffitid0000026|mdifffitid0000027|mdifffitid0000046|mdifffitid0000047|mimgtblid0000055|mprojectid0000001|mprojectid0000003|mprojectid0000004|mprojectid0000021|mprojectid0000023|mprojectid0000039|mprojectid0000041|mviewerid0000038|mviewerid0000057,0.200000,95.016000,0.486938,0.507908,117.111320,0.000000,0.000000,true,62.818000,35,1.508000,"{""bora011"":2,""diablo03"":1,""h3-standard-88-2"":11,""h4d-standard-192-7"":44}","{""bora011"":0.000536,""diablo03"":0.000203,""h3-standard-88-2"":0.003001,""h4d-standard-192-7"":0.020268}",[]
prism_cc_cost,hybrid_hetero,15,maddid0000037|maddid0000056|mbackgroundid0000014|mbackgroundid0000032|mbackgroundid0000034|mbackgroundid0000051|mbackgroundid0000052|mbgmodelid0000031|mbgmodelid0000050|mconcatfitid0000011|mconcatfitid0000030|mconcatfitid0000049|mdifffitid0000006|mdifffitid0000008|mdifffitid0000025|mdifffitid0000026|mdifffitid0000027|mdifffitid0000046|mdifffitid0000047|mimgtblid0000055|mprojectid0000001|mprojectid0000003|mprojectid0000004|mprojectid0000021|mprojectid0000023|mprojectid0000039|mprojectid0000041|mviewerid0000038|mviewerid0000057,0.200000,98.177000,0.355305,0.507908,117.111320,0.000000,0.000000,true,62.729000,34,314.510000,"{""bora011"":10,""diablo03"":4,""h3-standard-88-2"":6,""h4d-standard-192-7"":38}","{""bora011"":0.002873,""diablo03"":0.000925,""h3-standard-88-2"":0.002685,""h4d-standard-192-7"":0.019549}","[{""rank"":1,""recommended"":true,""feasible"":true,""budget_used"":0.355305,""budget_violation"":0,""makespan"":98.177,""deadline_violation"":0,""machine_signature"":""7faa4eb41a4c455a"",""weighted_score"":0.355305,""diversity_score"":3.344828},{""rank"":2,""recommended"":false,""feasible"":true,""budget_used"":0.386692,""budget_violation"":0,""makespan"":96.625,""deadline_violation"":0,""machine_signature"":""d36402bb94e0d7bf"",""weighted_score"":0.386692,""diversity_score"":3.310345},{""rank"":3,""recommended"":false,""feasible"":true,""budget_used"":0.46401,""budget_violation"":0,""makespan"":95.016,""deadline_violation"":0,""machine_signature"":""6de8f8161f9e3f23"",""weighted_score"":0.46401,""diversity_score"":3.241379},{""rank"":4,""recommended"":false,""feasible"":true,""budget_used"":0.486938,""budget_violation"":0,""makespan"":95.016,""deadline_violation"":0,""machine_signature"":""fb30bdb896968d18"",""weighted_score"":0.486938,""diversity_score"":3.241379}]"
prism_cc_time,hybrid_hetero,15,maddid0000037|maddid0000056|mbackgroundid0000014|mbackgroundid0000032|mbackgroundid0000034|mbackgroundid0000051|mbackgroundid0000052|mbgmodelid0000031|mbgmodelid0000050|mconcatfitid0000011|mconcatfitid0000030|mconcatfitid0000049|mdifffitid0000006|mdifffitid0000008|mdifffitid0000025|mdifffitid0000026|mdifffitid0000027|mdifffitid0000046|mdifffitid0000047|mimgtblid0000055|mprojectid0000001|mprojectid0000003|mprojectid0000004|mprojectid0000021|mprojectid0000023|mprojectid0000039|mprojectid0000041|mviewerid0000038|mviewerid0000057,0.200000,95.016000,0.464010,0.507908,117.111320,0.000000,0.000000,true,62.818000,35,314.510000,"{""bora011"":3,""diablo03"":1,""h3-standard-88-2"":10,""h4d-standard-192-7"":44}","{""bora011"":0.000577,""diablo03"":0.000203,""h3-standard-88-2"":0.002995,""h4d-standard-192-7"":0.020268}","[{""rank"":1,""recommended"":true,""feasible"":true,""budget_used"":0.46401,""budget_violation"":0,""makespan"":95.016,""deadline_violation"":0,""machine_signature"":""6de8f8161f9e3f23"",""weighted_score"":0.967803,""diversity_score"":3.241379},{""rank"":2,""recommended"":false,""feasible"":true,""budget_used"":0.486938,""budget_violation"":0,""makespan"":95.016,""deadline_violation"":0,""machine_signature"":""fb30bdb896968d18"",""weighted_score"":0.967803,""diversity_score"":3.241379},{""rank"":3,""recommended"":false,""feasible"":true,""budget_used"":0.386692,""budget_violation"":0,""makespan"":96.625,""deadline_violation"":0,""machine_signature"":""d36402bb94e0d7bf"",""weighted_score"":0.984192,""diversity_score"":3.310345},{""rank"":4,""recommended"":false,""feasible"":true,""budget_used"":0.355305,""budget_violation"":0,""makespan"":98.177,""deadline_violation"":0,""machine_signature"":""7faa4eb41a4c455a"",""weighted_score"":1,""diversity_score"":3.344828}]"
heft_colocation,hybrid_homo,15,maddid0000037|maddid0000056|mbackgroundid0000014|mbackgroundid0000032|mbackgroundid0000034|mbackgroundid0000051|mbackgroundid0000052|mbgmodelid0000031|mbgmodelid0000050|mconcatfitid0000011|mconcatfitid0000030|mconcatfitid0000049|mdifffitid0000006|mdifffitid0000008|mdifffitid0000025|mdifffitid0000026|mdifffitid0000027|mdifffitid0000046|mdifffitid0000047|mimgtblid0000055|mprojectid0000001|mprojectid0000003|mprojectid0000004|mprojectid0000021|mprojectid0000023|mprojectid0000039|mprojectid0000041|mviewerid0000038|mviewerid0000057,0.200000,90.904000,0.619010,0.747528,110.602640,0.000000,0.000000,true,29.640000,21,1.576000,"{""bora009"":2,""bora010"":1,""h4d-standard-192-5"":32,""h4d-standard-192-6"":23}","{""bora009"":0.00056,""bora010"":0.000302,""h4d-standard-192-5"":0.010375,""h4d-standard-192-6"":0.009644}",[]
prism_cc_cost,hybrid_homo,15,maddid0000037|maddid0000056|mbackgroundid0000014|mbackgroundid0000032|mbackgroundid0000034|mbackgroundid0000051|mbackgroundid0000052|mbgmodelid0000031|mbgmodelid0000050|mconcatfitid0000011|mconcatfitid0000030|mconcatfitid0000049|mdifffitid0000006|mdifffitid0000008|mdifffitid0000025|mdifffitid0000026|mdifffitid0000027|mdifffitid0000046|mdifffitid0000047|mimgtblid0000055|mprojectid0000001|mprojectid0000003|mprojectid0000004|mprojectid0000021|mprojectid0000023|mprojectid0000039|mprojectid0000041|mviewerid0000038|mviewerid0000057,0.200000,110.564000,0.364533,0.747528,110.602640,0.000000,0.000000,true,36.598000,12,332.684000,"{""bora009"":20,""bora010"":16,""h4d-standard-192-5"":18,""h4d-standard-192-6"":4}","{""bora009"":0.007491,""bora010"":0.008646,""h4d-standard-192-5"":0.01197,""h4d-standard-192-6"":0.004276}","[{""rank"":1,""recommended"":true,""feasible"":true,""budget_used"":0.364533,""budget_violation"":0,""makespan"":110.564,""deadline_violation"":0,""machine_signature"":""31c85b7139b59a02"",""weighted_score"":0.364533,""diversity_score"":3.655172},{""rank"":2,""recommended"":false,""feasible"":true,""budget_used"":0.532107,""budget_violation"":0,""makespan"":90.904,""deadline_violation"":0,""machine_signature"":""8a8f251ff5160071"",""weighted_score"":0.532107,""diversity_score"":3.482759},{""rank"":3,""recommended"":false,""feasible"":true,""budget_used"":0.61901,""budget_violation"":0,""makespan"":90.904,""deadline_violation"":0,""machine_signature"":""4f5fbb5b42fa93ba"",""weighted_score"":0.61901,""diversity_score"":3.448276}]"
prism_cc_time,hybrid_homo,15,maddid0000037|maddid0000056|mbackgroundid0000014|mbackgroundid0000032|mbackgroundid0000034|mbackgroundid0000051|mbackgroundid0000052|mbgmodelid0000031|mbgmodelid0000050|mconcatfitid0000011|mconcatfitid0000030|mconcatfitid0000049|mdifffitid0000006|mdifffitid0000008|mdifffitid0000025|mdifffitid0000026|mdifffitid0000027|mdifffitid0000046|mdifffitid0000047|mimgtblid0000055|mprojectid0000001|mprojectid0000003|mprojectid0000004|mprojectid0000021|mprojectid0000023|mprojectid0000039|mprojectid0000041|mviewerid0000038|mviewerid0000057,0.200000,90.904000,0.532107,0.747528,110.602640,0.000000,0.000000,true,29.640000,21,332.684000,"{""bora009"":4,""bora010"":2,""h4d-standard-192-5"":30,""h4d-standard-192-6"":22}","{""bora009"":0.001293,""bora010"":0.000689,""h4d-standard-192-5"":0.010366,""h4d-standard-192-6"":0.009615}","[{""rank"":1,""recommended"":true,""feasible"":true,""budget_used"":0.532107,""budget_violation"":0,""makespan"":90.904,""deadline_violation"":0,""machine_signature"":""8a8f251ff5160071"",""weighted_score"":0.822184,""diversity_score"":3.482759},{""rank"":2,""recommended"":false,""feasible"":true,""budget_used"":0.61901,""budget_violation"":0,""makespan"":90.904,""deadline_violation"":0,""machine_signature"":""4f5fbb5b42fa93ba"",""weighted_score"":0.822184,""diversity_score"":3.448276},{""rank"":3,""recommended"":false,""feasible"":true,""budget_used"":0.364533,""budget_violation"":0,""makespan"":110.564,""deadline_violation"":0,""machine_signature"":""31c85b7139b59a02"",""weighted_score"":1,""diversity_score"":3.655172}]"
heft_colocation,cloud_hetero,16,maddid0000056|mbackgroundid0000013|mbackgroundid0000014|mbackgroundid0000033|mbackgroundid0000034|mbackgroundid0000051|mbackgroundid0000053|mbgmodelid0000012|mbgmodelid0000031|mconcatfitid0000011|mconcatfitid0000030|mdifffitid0000006|mdifffitid0000007|mdifffitid0000009|mdifffitid0000010|mdifffitid0000024|mdifffitid0000025|mdifffitid0000027|mdifffitid0000028|mdifffitid0000029|mdifffitid0000045|mdifffitid0000046|mimgtblid0000017|mprojectid0000004|mprojectid0000020|mprojectid0000041|mprojectid0000042|mviewerid0000019|mviewerid0000038,0.200000,90.960000,0.663466,0.809118,110.678240,0.000000,0.000000,true,7.199000,9,2.101000,"{""h4d-highmem-192-1"":26,""h4d-standard-192-1"":32}","{""h3-standard-88-1"":0,""h3-standard-88-2"":0,""h4d-highmem-192-1"":0.011082,""h4d-standard-192-1"":0.007668}",[]
prism_cc_cost,cloud_hetero,16,maddid0000056|mbackgroundid0000013|mbackgroundid0000014|mbackgroundid0000033|mbackgroundid0000034|mbackgroundid0000051|mbackgroundid0000053|mbgmodelid0000012|mbgmodelid0000031|mconcatfitid0000011|mconcatfitid0000030|mdifffitid0000006|mdifffitid0000007|mdifffitid0000009|mdifffitid0000010|mdifffitid0000024|mdifffitid0000025|mdifffitid0000027|mdifffitid0000028|mdifffitid0000029|mdifffitid0000045|mdifffitid0000046|mimgtblid0000017|mprojectid0000004|mprojectid0000020|mprojectid0000041|mprojectid0000042|mviewerid0000019|mviewerid0000038,0.200000,94.433000,0.206013,0.809118,110.678240,0.000000,0.000000,true,21.531000,26,371.167000,"{""h4d-standard-192-1"":58}","{""h3-standard-88-1"":0,""h3-standard-88-2"":0,""h4d-highmem-192-1"":0,""h4d-standard-192-1"":0.018851}","[{""rank"":1,""recommended"":true,""feasible"":true,""budget_used"":0.206013,""budget_violation"":0,""makespan"":94.433,""deadline_violation"":0,""machine_signature"":""56d27d4aac254315"",""weighted_score"":0.206013,""diversity_score"":0},{""rank"":2,""recommended"":false,""feasible"":true,""budget_used"":0.660092,""budget_violation"":0,""makespan"":90.96,""deadline_violation"":0,""machine_signature"":""38df4715d80b63fa"",""weighted_score"":0.660092,""diversity_score"":1.465517},{""rank"":3,""recommended"":false,""feasible"":true,""budget_used"":0.663466,""budget_violation"":0,""makespan"":90.96,""deadline_violation"":0,""machine_signature"":""d7f5658b3acea980"",""weighted_score"":0.663466,""diversity_score"":1.448276}]"
prism_cc_time,cloud_hetero,16,maddid0000056|mbackgroundid0000013|mbackgroundid0000014|mbackgroundid0000033|mbackgroundid0000034|mbackgroundid0000051|mbackgroundid0000053|mbgmodelid0000012|mbgmodelid0000031|mconcatfitid0000011|mconcatfitid0000030|mdifffitid0000006|mdifffitid0000007|mdifffitid0000009|mdifffitid0000010|mdifffitid0000024|mdifffitid0000025|mdifffitid0000027|mdifffitid0000028|mdifffitid0000029|mdifffitid0000045|mdifffitid0000046|mimgtblid0000017|mprojectid0000004|mprojectid0000020|mprojectid0000041|mprojectid0000042|mviewerid0000019|mviewerid0000038,0.200000,90.960000,0.660092,0.809118,110.678240,0.000000,0.000000,true,7.199000,9,371.167000,"{""h4d-highmem-192-1"":27,""h4d-standard-192-1"":31}","{""h3-standard-88-1"":0,""h3-standard-88-2"":0,""h4d-highmem-192-1"":0.011083,""h4d-standard-192-1"":0.007667}","[{""rank"":1,""recommended"":true,""feasible"":true,""budget_used"":0.660092,""budget_violation"":0,""makespan"":90.96,""deadline_violation"":0,""machine_signature"":""38df4715d80b63fa"",""weighted_score"":0.963223,""diversity_score"":1.465517},{""rank"":2,""recommended"":false,""feasible"":true,""budget_used"":0.663466,""budget_violation"":0,""makespan"":90.96,""deadline_violation"":0,""machine_signature"":""d7f5658b3acea980"",""weighted_score"":0.963223,""diversity_score"":1.448276},{""rank"":3,""recommended"":false,""feasible"":true,""budget_used"":0.206013,""budget_violation"":0,""makespan"":94.433,""deadline_violation"":0,""machine_signature"":""56d27d4aac254315"",""weighted_score"":1,""diversity_score"":0}]"
heft_colocation,cloud_homo,16,maddid0000056|mbackgroundid0000013|mbackgroundid0000014|mbackgroundid0000033|mbackgroundid0000034|mbackgroundid0000051|mbackgroundid0000053|mbgmodelid0000012|mbgmodelid0000031|mconcatfitid0000011|mconcatfitid0000030|mdifffitid0000006|mdifffitid0000007|mdifffitid0000009|mdifffitid0000010|mdifffitid0000024|mdifffitid0000025|mdifffitid0000027|mdifffitid0000028|mdifffitid0000029|mdifffitid0000045|mdifffitid0000046|mimgtblid0000017|mprojectid0000004|mprojectid0000020|mprojectid0000041|mprojectid0000042|mviewerid0000019|mviewerid0000038,0.200000,88.371000,1.122011,1.344726,106.047360,0.000000,0.000000,true,0.447000,5,3.165000,"{""h4d-standard-192-1"":18,""h4d-standard-192-2"":13,""h4d-standard-192-3"":16,""h4d-standard-192-4"":11}","{""h4d-standard-192-1"":0.004383,""h4d-standard-192-2"":0.00536,""h4d-standard-192-3"":0.004358,""h4d-standard-192-4"":0.0048}",[]
prism_cc_cost,cloud_homo,16,maddid0000056|mbackgroundid0000013|mbackgroundid0000014|mbackgroundid0000033|mbackgroundid0000034|mbackgroundid0000051|mbackgroundid0000053|mbgmodelid0000012|mbgmodelid0000031|mconcatfitid0000011|mconcatfitid0000030|mdifffitid0000006|mdifffitid0000007|mdifffitid0000009|mdifffitid0000010|mdifffitid0000024|mdifffitid0000025|mdifffitid0000027|mdifffitid0000028|mdifffitid0000029|mdifffitid0000045|mdifffitid0000046|mimgtblid0000017|mprojectid0000004|mprojectid0000020|mprojectid0000041|mprojectid0000042|mviewerid0000019|mviewerid0000038,0.200000,92.879000,0.202626,1.344726,106.047360,0.000000,0.000000,true,21.359000,24,340.694000,"{""h4d-standard-192-1"":58}","{""h4d-standard-192-1"":0.019157,""h4d-standard-192-2"":0,""h4d-standard-192-3"":0,""h4d-standard-192-4"":0}","[{""rank"":1,""recommended"":true,""feasible"":true,""budget_used"":0.202626,""budget_violation"":0,""makespan"":92.879,""deadline_violation"":0,""machine_signature"":""9bafc008f74e85cd"",""weighted_score"":0.180592,""diversity_score"":0},{""rank"":2,""recommended"":false,""feasible"":true,""budget_used"":1.096834,""budget_violation"":0,""makespan"":88.371,""deadline_violation"":0,""machine_signature"":""7a232694dca4e003"",""weighted_score"":0.977561,""diversity_score"":3.637931},{""rank"":3,""recommended"":false,""feasible"":true,""budget_used"":1.122011,""budget_violation"":0,""makespan"":88.371,""deadline_violation"":0,""machine_signature"":""f43b0b984ef58fff"",""weighted_score"":1,""diversity_score"":3.689655}]"
prism_cc_time,cloud_homo,16,maddid0000056|mbackgroundid0000013|mbackgroundid0000014|mbackgroundid0000033|mbackgroundid0000034|mbackgroundid0000051|mbackgroundid0000053|mbgmodelid0000012|mbgmodelid0000031|mconcatfitid0000011|mconcatfitid0000030|mdifffitid0000006|mdifffitid0000007|mdifffitid0000009|mdifffitid0000010|mdifffitid0000024|mdifffitid0000025|mdifffitid0000027|mdifffitid0000028|mdifffitid0000029|mdifffitid0000045|mdifffitid0000046|mimgtblid0000017|mprojectid0000004|mprojectid0000020|mprojectid0000041|mprojectid0000042|mviewerid0000019|mviewerid0000038,0.200000,88.371000,1.096834,1.344726,106.047360,0.000000,0.000000,true,0.447000,5,340.694000,"{""h4d-standard-192-1"":21,""h4d-standard-192-2"":13,""h4d-standard-192-3"":14,""h4d-standard-192-4"":10}","{""h4d-standard-192-1"":0.004414,""h4d-standard-192-2"":0.00538,""h4d-standard-192-3"":0.004321,""h4d-standard-192-4"":0.004787}","[{""rank"":1,""recommended"":true,""feasible"":true,""budget_used"":1.096834,""budget_violation"":0,""makespan"":88.371,""deadline_violation"":0,""machine_signature"":""7a232694dca4e003"",""weighted_score"":0.951464,""diversity_score"":3.637931},{""rank"":2,""recommended"":false,""feasible"":true,""budget_used"":1.122011,""budget_violation"":0,""makespan"":88.371,""deadline_violation"":0,""machine_signature"":""f43b0b984ef58fff"",""weighted_score"":0.951464,""diversity_score"":3.689655},{""rank"":3,""recommended"":false,""feasible"":true,""budget_used"":0.202626,""budget_violation"":0,""makespan"":92.879,""deadline_violation"":0,""machine_signature"":""9bafc008f74e85cd"",""weighted_score"":1,""diversity_score"":0}]"
heft_colocation,cluster_hetero,16,maddid0000056|mbackgroundid0000013|mbackgroundid0000014|mbackgroundid0000033|mbackgroundid0000034|mbackgroundid0000051|mbackgroundid0000053|mbgmodelid0000012|mbgmodelid0000031|mconcatfitid0000011|mconcatfitid0000030|mdifffitid0000006|mdifffitid0000007|mdifffitid0000009|mdifffitid0000010|mdifffitid0000024|mdifffitid0000025|mdifffitid0000027|mdifffitid0000028|mdifffitid0000029|mdifffitid0000045|mdifffitid0000046|mimgtblid0000017|mprojectid0000004|mprojectid0000020|mprojectid0000041|mprojectid0000042|mviewerid0000019|mviewerid0000038,0.200000,281.883000,0.000000,0.000000,346.902440,0.000000,0.000000,true,39.104000,9,1.071000,"{""bora005"":21,""bora006"":26,""diablo01"":5,""diablo02"":6}","{""bora005"":0.090146,""bora006"":0.086957,""diablo01"":0.000478,""diablo02"":0.000615}",[]
prism_cc_cost,cluster_hetero,16,maddid0000056|mbackgroundid0000013|mbackgroundid0000014|mbackgroundid0000033|mbackgroundid0000034|mbackgroundid0000051|mbackgroundid0000053|mbgmodelid0000012|mbgmodelid0000031|mconcatfitid0000011|mconcatfitid0000030|mdifffitid0000006|mdifffitid0000007|mdifffitid0000009|mdifffitid0000010|mdifffitid0000024|mdifffitid0000025|mdifffitid0000027|mdifffitid0000028|mdifffitid0000029|mdifffitid0000045|mdifffitid0000046|mimgtblid0000017|mprojectid0000004|mprojectid0000020|mprojectid0000041|mprojectid0000042|mviewerid0000019|mviewerid0000038,0.200000,281.883000,0.000000,0.000000,346.902440,0.000000,0.000000,true,39.104000,9,220.235000,"{""bora005"":21,""bora006"":26,""diablo01"":5,""diablo02"":6}","{""bora005"":0.090146,""bora006"":0.086957,""diablo01"":0.000478,""diablo02"":0.000615}","[{""rank"":1,""recommended"":true,""feasible"":true,""budget_used"":0,""budget_violation"":0,""makespan"":281.883,""deadline_violation"":0,""machine_signature"":""ef8cabc5c6221f7d"",""weighted_score"":0,""diversity_score"":3.551724},{""rank"":2,""recommended"":false,""feasible"":true,""budget_used"":0,""budget_violation"":0,""makespan"":281.883,""deadline_violation"":0,""machine_signature"":""d103e08e37831e30"",""weighted_score"":0,""diversity_score"":3.586207}]"
prism_cc_time,cluster_hetero,16,maddid0000056|mbackgroundid0000013|mbackgroundid0000014|mbackgroundid0000033|mbackgroundid0000034|mbackgroundid0000051|mbackgroundid0000053|mbgmodelid0000012|mbgmodelid0000031|mconcatfitid0000011|mconcatfitid0000030|mdifffitid0000006|mdifffitid0000007|mdifffitid0000009|mdifffitid0000010|mdifffitid0000024|mdifffitid0000025|mdifffitid0000027|mdifffitid0000028|mdifffitid0000029|mdifffitid0000045|mdifffitid0000046|mimgtblid0000017|mprojectid0000004|mprojectid0000020|mprojectid0000041|mprojectid0000042|mviewerid0000019|mviewerid0000038,0.200000,281.883000,0.000000,0.000000,346.902440,0.000000,0.000000,true,39.104000,9,220.235000,"{""bora005"":21,""bora006"":26,""diablo01"":5,""diablo02"":6}","{""bora005"":0.090146,""bora006"":0.086957,""diablo01"":0.000478,""diablo02"":0.000615}","[{""rank"":1,""recommended"":true,""feasible"":true,""budget_used"":0,""budget_violation"":0,""makespan"":281.883,""deadline_violation"":0,""machine_signature"":""ef8cabc5c6221f7d"",""weighted_score"":1,""diversity_score"":3.551724},{""rank"":2,""recommended"":false,""feasible"":true,""budget_used"":0,""budget_violation"":0,""makespan"":281.883,""deadline_violation"":0,""machine_signature"":""d103e08e37831e30"",""weighted_score"":1,""diversity_score"":3.586207}]"
heft_colocation,cluster_homo,16,maddid0000056|mbackgroundid0000013|mbackgroundid0000014|mbackgroundid0000033|mbackgroundid0000034|mbackgroundid0000051|mbackgroundid0000053|mbgmodelid0000012|mbgmodelid0000031|mconcatfitid0000011|mconcatfitid0000030|mdifffitid0000006|mdifffitid0000007|mdifffitid0000009|mdifffitid0000010|mdifffitid0000024|mdifffitid0000025|mdifffitid0000027|mdifffitid0000028|mdifffitid0000029|mdifffitid0000045|mdifffitid0000046|mimgtblid0000017|mprojectid0000004|mprojectid0000020|mprojectid0000041|mprojectid0000042|mviewerid0000019|mviewerid0000038,0.200000,281.326000,0.000000,0.000000,337.591200,0.000000,0.000000,true,1.500000,4,0.752000,"{""bora001"":17,""bora002"":20,""bora003"":12,""bora004"":9}","{""bora001"":0.040958,""bora002"":0.050951,""bora003"":0.039565,""bora004"":0.043827}",[]
prism_cc_cost,cluster_homo,16,maddid0000056|mbackgroundid0000013|mbackgroundid0000014|mbackgroundid0000033|mbackgroundid0000034|mbackgroundid0000051|mbackgroundid0000053|mbgmodelid0000012|mbgmodelid0000031|mconcatfitid0000011|mconcatfitid0000030|mdifffitid0000006|mdifffitid0000007|mdifffitid0000009|mdifffitid0000010|mdifffitid0000024|mdifffitid0000025|mdifffitid0000027|mdifffitid0000028|mdifffitid0000029|mdifffitid0000045|mdifffitid0000046|mimgtblid0000017|mprojectid0000004|mprojectid0000020|mprojectid0000041|mprojectid0000042|mviewerid0000019|mviewerid0000038,0.200000,281.326000,0.000000,0.000000,337.591200,0.000000,0.000000,true,0.344000,1,175.154000,"{""bora001"":17,""bora002"":19,""bora003"":12,""bora004"":10}","{""bora001"":0.040838,""bora002"":0.050734,""bora003"":0.039565,""bora004"":0.044049}","[{""rank"":1,""recommended"":true,""feasible"":true,""budget_used"":0,""budget_violation"":0,""makespan"":281.326,""deadline_violation"":0,""machine_signature"":""89aa36b906812a4f"",""weighted_score"":0,""diversity_score"":3.672414},{""rank"":2,""recommended"":false,""feasible"":true,""budget_used"":0,""budget_violation"":0,""makespan"":281.326,""deadline_violation"":0,""machine_signature"":""7ff16500dc306003"",""weighted_score"":0,""diversity_score"":3.655172}]"
prism_cc_time,cluster_homo,16,maddid0000056|mbackgroundid0000013|mbackgroundid0000014|mbackgroundid0000033|mbackgroundid0000034|mbackgroundid0000051|mbackgroundid0000053|mbgmodelid0000012|mbgmodelid0000031|mconcatfitid0000011|mconcatfitid0000030|mdifffitid0000006|mdifffitid0000007|mdifffitid0000009|mdifffitid0000010|mdifffitid0000024|mdifffitid0000025|mdifffitid0000027|mdifffitid0000028|mdifffitid0000029|mdifffitid0000045|mdifffitid0000046|mimgtblid0000017|mprojectid0000004|mprojectid0000020|mprojectid0000041|mprojectid0000042|mviewerid0000019|mviewerid0000038,0.200000,281.326000,0.000000,0.000000,337.591200,0.000000,0.000000,true,0.344000,1,175.154000,"{""bora001"":17,""bora002"":19,""bora003"":12,""bora004"":10}","{""bora001"":0.040838,""bora002"":0.050734,""bora003"":0.039565,""bora004"":0.044049}","[{""rank"":1,""recommended"":true,""feasible"":true,""budget_used"":0,""budget_violation"":0,""makespan"":281.326,""deadline_violation"":0,""machine_signature"":""89aa36b906812a4f"",""weighted_score"":1,""diversity_score"":3.672414},{""rank"":2,""recommended"":false,""feasible"":true,""budget_used"":0,""budget_violation"":0,""makespan"":281.326,""deadline_violation"":0,""machine_signature"":""7ff16500dc306003"",""weighted_score"":1,""diversity_score"":3.655172}]"
heft_colocation,hybrid_hetero,16,maddid0000056|mbackgroundid0000013|mbackgroundid0000014|mbackgroundid0000033|mbackgroundid0000034|mbackgroundid0000051|mbackgroundid0000053|mbgmodelid0000012|mbgmodelid0000031|mconcatfitid0000011|mconcatfitid0000030|mdifffitid0000006|mdifffitid0000007|mdifffitid0000009|mdifffitid0000010|mdifffitid0000024|mdifffitid0000025|mdifffitid0000027|mdifffitid0000028|mdifffitid0000029|mdifffitid0000045|mdifffitid0000046|mimgtblid0000017|mprojectid0000004|mprojectid0000020|mprojectid0000041|mprojectid0000042|mviewerid0000019|mviewerid0000038,0.200000,92.184000,0.201112,0.507908,117.111320,0.000000,0.000000,true,21.115000,21,1.376000,"{""bora011"":5,""diablo03"":1,""h4d-standard-192-7"":52}","{""bora011"":0.000638,""diablo03"":0.000209,""h3-standard-88-2"":0,""h4d-standard-192-7"":0.019256}",[]
prism_cc_cost,hybrid_hetero,16,maddid0000056|mbackgroundid0000013|mbackgroundid0000014|mbackgroundid0000033|mbackgroundid0000034|mbackgroundid0000051|mbackgroundid0000053|mbgmodelid0000012|mbgmodelid0000031|mconcatfitid0000011|mconcatfitid0000030|mdifffitid0000006|mdifffitid0000007|mdifffitid0000009|mdifffitid0000010|mdifffitid0000024|mdifffitid0000025|mdifffitid0000027|mdifffitid0000028|mdifffitid0000029|mdifffitid0000045|mdifffitid0000046|mimgtblid0000017|mprojectid0000004|mprojectid0000020|mprojectid0000041|mprojectid0000042|mviewerid0000019|mviewerid0000038,0.200000,102.630000,0.142804,0.507908,117.111320,0.000000,0.000000,true,22.004000,22,308.164000,"{""bora011"":17,""diablo03"":7,""h4d-standard-192-7"":34}","{""bora011"":0.006406,""diablo03"":0.00193,""h3-standard-88-2"":0,""h4d-standard-192-7"":0.01702}","[{""rank"":1,""recommended"":true,""feasible"":true,""budget_used"":0.142804,""budget_violation"":0,""makespan"":102.63,""deadline_violation"":0,""machine_signature"":""d3352866b2775a4b"",""weighted_score"":0.142804,""diversity_score"":2.413793},{""rank"":2,""recommended"":false,""feasible"":true,""budget_used"":0.201112,""budget_violation"":0,""makespan"":92.184,""deadline_violation"":0,""machine_signature"":""39ff3f2afe281955"",""weighted_score"":0.201112,""diversity_score"":2.103448}]"
prism_cc_time,hybrid_hetero,16,maddid0000056|mbackgroundid0000013|mbackgroundid0000014|mbackgroundid0000033|mbackgroundid0000034|mbackgroundid0000051|mbackgroundid0000053|mbgmodelid0000012|mbgmodelid0000031|mconcatfitid0000011|mconcatfitid0000030|mdifffitid0000006|mdifffitid0000007|mdifffitid0000009|mdifffitid0000010|mdifffitid0000024|mdifffitid0000025|mdifffitid0000027|mdifffitid0000028|mdifffitid0000029|mdifffitid0000045|mdifffitid0000046|mimgtblid0000017|mprojectid0000004|mprojectid0000020|mprojectid0000041|mprojectid0000042|mviewerid0000019|mviewerid0000038,0.200000,92.184000,0.201112,0.507908,117.111320,0.000000,0.000000,true,21.115000,21,308.164000,"{""bora011"":5,""diablo03"":1,""h4d-standard-192-7"":52}","{""bora011"":0.000638,""diablo03"":0.000209,""h3-standard-88-2"":0,""h4d-standard-192-7"":0.019256}","[{""rank"":1,""recommended"":true,""feasible"":true,""budget_used"":0.201112,""budget_violation"":0,""makespan"":92.184,""deadline_violation"":0,""machine_signature"":""39ff3f2afe281955"",""weighted_score"":0.898217,""diversity_score"":2.103448},{""rank"":2,""recommended"":false,""feasible"":true,""budget_used"":0.142804,""budget_violation"":0,""makespan"":102.63,""deadline_violation"":0,""machine_signature"":""d3352866b2775a4b"",""weighted_score"":1,""diversity_score"":2.413793}]"
heft_colocation,hybrid_homo,16,maddid0000056|mbackgroundid0000013|mbackgroundid0000014|mbackgroundid0000033|mbackgroundid0000034|mbackgroundid0000051|mbackgroundid0000053|mbgmodelid0000012|mbgmodelid0000031|mconcatfitid0000011|mconcatfitid0000030|mdifffitid0000006|mdifffitid0000007|mdifffitid0000009|mdifffitid0000010|mdifffitid0000024|mdifffitid0000025|mdifffitid0000027|mdifffitid0000028|mdifffitid0000029|mdifffitid0000045|mdifffitid0000046|mimgtblid0000017|mprojectid0000004|mprojectid0000020|mprojectid0000041|mprojectid0000042|mviewerid0000019|mviewerid0000038,0.200000,90.904000,0.616931,0.747528,110.602640,0.000000,0.000000,true,7.199000,9,1.566000,"{""bora009"":2,""bora010"":1,""h4d-standard-192-5"":31,""h4d-standard-192-6"":24}","{""bora009"":0.00056,""bora010"":0.000302,""h4d-standard-192-5"":0.007682,""h4d-standard-192-6"":0.011051}",[]
prism_cc_cost,hybrid_homo,16,maddid0000056|mbackgroundid0000013|mbackgroundid0000014|mbackgroundid0000033|mbackgroundid0000034|mbackgroundid0000051|mbackgroundid0000053|mbgmodelid0000012|mbgmodelid0000031|mconcatfitid0000011|mconcatfitid0000030|mdifffitid0000006|mdifffitid0000007|mdifffitid0000009|mdifffitid0000010|mdifffitid0000024|mdifffitid0000025|mdifffitid0000027|mdifffitid0000028|mdifffitid0000029|mdifffitid0000045|mdifffitid0000046|mimgtblid0000017|mprojectid0000004|mprojectid0000020|mprojectid0000041|mprojectid0000042|mviewerid0000019|mviewerid0000038,0.200000,104.640000,0.249766,0.747528,110.602640,0.000000,0.000000,true,11.559000,8,447.405000,"{""bora009"":17,""bora010"":20,""h4d-standard-192-5"":20,""h4d-standard-192-6"":1}","{""bora009"":0.007256,""bora010"":0.01085,""h4d-standard-192-5"":0.013848,""h4d-standard-192-6"":0.001959}","[{""rank"":1,""recommended"":true,""feasible"":true,""budget_used"":0.249766,""budget_violation"":0,""makespan"":104.64,""deadline_violation"":0,""machine_signature"":""abcd00cd50829e5e"",""weighted_score"":0.249766,""diversity_score"":3.655172},{""rank"":2,""recommended"":false,""feasible"":true,""budget_used"":0.284572,""budget_violation"":0,""makespan"":99.032,""deadline_violation"":0,""machine_signature"":""dbd6edd37f0dac76"",""weighted_score"":0.284572,""diversity_score"":3.448276},{""rank"":3,""recommended"":false,""feasible"":true,""budget_used"":0.306537,""budget_violation"":0,""makespan"":96.958,""deadline_violation"":0,""machine_signature"":""610424f11d8dad6d"",""weighted_score"":0.306537,""diversity_score"":3.396552},{""rank"":4,""recommended"":false,""feasible"":true,""budget_used"":0.392206,""budget_violation"":0,""makespan"":91.202,""deadline_violation"":0,""machine_signature"":""787e44d02394020e"",""weighted_score"":0.392206,""diversity_score"":3.482759},{""rank"":5,""recommended"":false,""feasible"":true,""budget_used"":0.607986,""budget_violation"":0,""makespan"":90.904,""deadline_violation"":0,""machine_signature"":""9f57fb94a5d9afbb"",""weighted_score"":0.607986,""diversity_score"":3.482759},{""rank"":6,""recommended"":false,""feasible"":true,""budget_used"":0.616931,""budget_violation"":0,""makespan"":90.904,""deadline_violation"":0,""machine_signature"":""fe4406d54862518b"",""weighted_score"":0.616931,""diversity_score"":3.465517}]"
prism_cc_time,hybrid_homo,16,maddid0000056|mbackgroundid0000013|mbackgroundid0000014|mbackgroundid0000033|mbackgroundid0000034|mbackgroundid0000051|mbackgroundid0000053|mbgmodelid0000012|mbgmodelid0000031|mconcatfitid0000011|mconcatfitid0000030|mdifffitid0000006|mdifffitid0000007|mdifffitid0000009|mdifffitid0000010|mdifffitid0000024|mdifffitid0000025|mdifffitid0000027|mdifffitid0000028|mdifffitid0000029|mdifffitid0000045|mdifffitid0000046|mimgtblid0000017|mprojectid0000004|mprojectid0000020|mprojectid0000041|mprojectid0000042|mviewerid0000019|mviewerid0000038,0.200000,90.904000,0.607986,0.747528,110.602640,0.000000,0.000000,true,7.199000,9,447.405000,"{""bora009"":3,""bora010"":1,""h4d-standard-192-5"":30,""h4d-standard-192-6"":24}","{""bora009"":0.000604,""bora010"":0.000302,""h4d-standard-192-5"":0.00768,""h4d-standard-192-6"":0.011051}","[{""rank"":1,""recommended"":true,""feasible"":true,""budget_used"":0.607986,""budget_violation"":0,""makespan"":90.904,""deadline_violation"":0,""machine_signature"":""9f57fb94a5d9afbb"",""weighted_score"":0.868731,""diversity_score"":3.482759},{""rank"":2,""recommended"":false,""feasible"":true,""budget_used"":0.616931,""budget_violation"":0,""makespan"":90.904,""deadline_violation"":0,""machine_signature"":""fe4406d54862518b"",""weighted_score"":0.868731,""diversity_score"":3.465517},{""rank"":3,""recommended"":false,""feasible"":true,""budget_used"":0.392206,""budget_violation"":0,""makespan"":91.202,""deadline_violation"":0,""machine_signature"":""787e44d02394020e"",""weighted_score"":0.871579,""diversity_score"":3.482759},{""rank"":4,""recommended"":false,""feasible"":true,""budget_used"":0.306537,""budget_violation"":0,""makespan"":96.958,""deadline_violation"":0,""machine_signature"":""610424f11d8dad6d"",""weighted_score"":0.926586,""diversity_score"":3.396552},{""rank"":5,""recommended"":false,""feasible"":true,""budget_used"":0.284572,""budget_violation"":0,""makespan"":99.032,""deadline_violation"":0,""machine_signature"":""dbd6edd37f0dac76"",""weighted_score"":0.946407,""diversity_score"":3.448276},{""rank"":6,""recommended"":false,""feasible"":true,""budget_used"":0.249766,""budget_violation"":0,""makespan"":104.64,""deadline_violation"":0,""machine_signature"":""abcd00cd50829e5e"",""weighted_score"":1,""diversity_score"":3.655172}]"
heft_colocation,cloud_hetero,17,maddid0000018|maddid0000037|maddid0000056|mbackgroundid0000013|mbackgroundid0000015|mbackgroundid0000032|mbackgroundid0000033|mbackgroundid0000034|mbackgroundid0000035|mbackgroundid0000052|mbackgroundid0000053|mbgmodelid0000031|mconcatfitid0000030|mdifffitid0000006|mdifffitid0000007|mdifffitid0000008|mdifffitid0000009|mdifffitid0000024|mdifffitid0000026|mdifffitid0000029|mdifffitid0000043|mdifffitid0000044|mimgtblid0000036|mprojectid0000003|mprojectid0000004|mprojectid0000020|mprojectid0000022|mprojectid0000023|mprojectid0000042,0.200000,90.960000,0.665996,0.809118,110.678240,0.000000,0.000000,true,21.666000,19,1.905000,"{""h4d-highmem-192-1"":25,""h4d-standard-192-1"":33}","{""h3-standard-88-1"":0,""h3-standard-88-2"":0,""h4d-highmem-192-1"":0.011482,""h4d-standard-192-1"":0.008096}",[]
prism_cc_cost,cloud_hetero,17,maddid0000018|maddid0000037|maddid0000056|mbackgroundid0000013|mbackgroundid0000015|mbackgroundid0000032|mbackgroundid0000033|mbackgroundid0000034|mbackgroundid0000035|mbackgroundid0000052|mbackgroundid0000053|mbgmodelid0000031|mconcatfitid0000030|mdifffitid0000006|mdifffitid0000007|mdifffitid0000008|mdifffitid0000009|mdifffitid0000024|mdifffitid0000026|mdifffitid0000029|mdifffitid0000043|mdifffitid0000044|mimgtblid0000036|mprojectid0000003|mprojectid0000004|mprojectid0000020|mprojectid0000022|mprojectid0000023|mprojectid0000042,0.200000,94.439000,0.206029,0.809118,110.678240,0.000000,0.000000,true,55.925000,38,358.801000,"{""h4d-standard-192-1"":58}","{""h3-standard-88-1"":0,""h3-standard-88-2"":0,""h4d-highmem-192-1"":0,""h4d-standard-192-1"":0.020747}","[{""rank"":1,""recommended"":true,""feasible"":true,""budget_used"":0.206029,""budget_violation"":0,""makespan"":94.439,""deadline_violation"":0,""machine_signature"":""91627b95e98dd62f"",""weighted_score"":0.206029,""diversity_score"":0},{""rank"":2,""recommended"":false,""feasible"":true,""budget_used"":0.650608,""budget_violation"":0,""makespan"":90.96,""deadline_violation"":0,""machine_signature"":""77ac79eb98a999af"",""weighted_score"":0.650608,""diversity_score"":1.448276},{""rank"":3,""recommended"":false,""feasible"":true,""budget_used"":0.665996,""budget_violation"":0,""makespan"":90.96,""deadline_violation"":0,""machine_signature"":""22eeb169b2f5e26f"",""weighted_score"":0.665996,""diversity_score"":1.431034}]"
prism_cc_time,cloud_hetero,17,maddid0000018|maddid0000037|maddid0000056|mbackgroundid0000013|mbackgroundid0000015|mbackgroundid0000032|mbackgroundid0000033|mbackgroundid0000034|mbackgroundid0000035|mbackgroundid0000052|mbackgroundid0000053|mbgmodelid0000031|mconcatfitid0000030|mdifffitid0000006|mdifffitid0000007|mdifffitid0000008|mdifffitid0000009|mdifffitid0000024|mdifffitid0000026|mdifffitid0000029|mdifffitid0000043|mdifffitid0000044|mimgtblid0000036|mprojectid0000003|mprojectid0000004|mprojectid0000020|mprojectid0000022|mprojectid0000023|mprojectid0000042,0.200000,90.960000,0.650608,0.809118,110.678240,0.000000,0.000000,true,21.666000,19,358.801000,"{""h4d-highmem-192-1"":26,""h4d-standard-192-1"":32}","{""h3-standard-88-1"":0,""h3-standard-88-2"":0,""h4d-highmem-192-1"":0.0115,""h4d-standard-192-1"":0.008079}","[{""rank"":1,""recommended"":true,""feasible"":true,""budget_used"":0.650608,""budget_violation"":0,""makespan"":90.96,""deadline_violation"":0,""machine_signature"":""77ac79eb98a999af"",""weighted_score"":0.963161,""diversity_score"":1.448276},{""rank"":2,""recommended"":false,""feasible"":true,""budget_used"":0.665996,""budget_violation"":0,""makespan"":90.96,""deadline_violation"":0,""machine_signature"":""22eeb169b2f5e26f"",""weighted_score"":0.963161,""diversity_score"":1.431034},{""rank"":3,""recommended"":false,""feasible"":true,""budget_used"":0.206029,""budget_violation"":0,""makespan"":94.439,""deadline_violation"":0,""machine_signature"":""91627b95e98dd62f"",""weighted_score"":1,""diversity_score"":0}]"
heft_colocation,cloud_homo,17,maddid0000018|maddid0000037|maddid0000056|mbackgroundid0000013|mbackgroundid0000015|mbackgroundid0000032|mbackgroundid0000033|mbackgroundid0000034|mbackgroundid0000035|mbackgroundid0000052|mbackgroundid0000053|mbgmodelid0000031|mconcatfitid0000030|mdifffitid0000006|mdifffitid0000007|mdifffitid0000008|mdifffitid0000009|mdifffitid0000024|mdifffitid0000026|mdifffitid0000029|mdifffitid0000043|mdifffitid0000044|mimgtblid0000036|mprojectid0000003|mprojectid0000004|mprojectid0000020|mprojectid0000022|mprojectid0000023|mprojectid0000042,0.200000,88.371000,1.124754,1.344726,106.047360,0.000000,0.000000,true,5.790000,7,3.202000,"{""h4d-standard-192-1"":18,""h4d-standard-192-2"":11,""h4d-standard-192-3"":17,""h4d-standard-192-4"":12}","{""h4d-standard-192-1"":0.005438,""h4d-standard-192-2"":0.002545,""h4d-standard-192-3"":0.005311,""h4d-standard-192-4"":0.005923}",[]
prism_cc_cost,cloud_homo,17,maddid0000018|maddid0000037|maddid0000056|mbackgroundid0000013|mbackgroundid0000015|mbackgroundid0000032|mbackgroundid0000033|mbackgroundid0000034|mbackgroundid0000035|mbackgroundid0000052|mbackgroundid0000053|mbgmodelid0000031|mconcatfitid0000030|mdifffitid0000006|mdifffitid0000007|mdifffitid0000008|mdifffitid0000009|mdifffitid0000024|mdifffitid0000026|mdifffitid0000029|mdifffitid0000043|mdifffitid0000044|mimgtblid0000036|mprojectid0000003|mprojectid0000004|mprojectid0000020|mprojectid0000022|mprojectid0000023|mprojectid0000042,0.200000,92.879000,0.202615,1.344726,106.047360,0.000000,0.000000,true,55.675000,34,403.437000,"{""h4d-standard-192-1"":58}","{""h4d-standard-192-1"":0.021081,""h4d-standard-192-2"":0,""h4d-standard-192-3"":0,""h4d-standard-192-4"":0}","[{""rank"":1,""recommended"":true,""feasible"":true,""budget_used"":0.202615,""budget_violation"":0,""makespan"":92.879,""deadline_violation"":0,""machine_signature"":""5264ecd91708c34e"",""weighted_score"":0.180142,""diversity_score"":0},{""rank"":2,""recommended"":false,""feasible"":true,""budget_used"":1.105615,""budget_violation"":0,""makespan"":88.371,""deadline_violation"":0,""machine_signature"":""8dc12105c770d485"",""weighted_score"":0.982984,""diversity_score"":3.637931},{""rank"":3,""recommended"":false,""feasible"":true,""budget_used"":1.124754,""budget_violation"":0,""makespan"":88.371,""deadline_violation"":0,""machine_signature"":""0ec8d70dc6c883a2"",""weighted_score"":1,""diversity_score"":3.689655}]"
prism_cc_time,cloud_homo,17,maddid0000018|maddid0000037|maddid0000056|mbackgroundid0000013|mbackgroundid0000015|mbackgroundid0000032|mbackgroundid0000033|mbackgroundid0000034|mbackgroundid0000035|mbackgroundid0000052|mbackgroundid0000053|mbgmodelid0000031|mconcatfitid0000030|mdifffitid0000006|mdifffitid0000007|mdifffitid0000008|mdifffitid0000009|mdifffitid0000024|mdifffitid0000026|mdifffitid0000029|mdifffitid0000043|mdifffitid0000044|mimgtblid0000036|mprojectid0000003|mprojectid0000004|mprojectid0000020|mprojectid0000022|mprojectid0000023|mprojectid0000042,0.200000,88.371000,1.105615,1.344726,106.047360,0.000000,0.000000,true,6.009000,10,403.437000,"{""h4d-standard-192-1"":21,""h4d-standard-192-2"":7,""h4d-standard-192-3"":15,""h4d-standard-192-4"":15}","{""h4d-standard-192-1"":0.005527,""h4d-standard-192-2"":0.002463,""h4d-standard-192-3"":0.005257,""h4d-standard-192-4"":0.005983}","[{""rank"":1,""recommended"":true,""feasible"":true,""budget_used"":1.105615,""budget_violation"":0,""makespan"":88.371,""deadline_violation"":0,""machine_signature"":""8dc12105c770d485"",""weighted_score"":0.951464,""diversity_score"":3.637931},{""rank"":2,""recommended"":false,""feasible"":true,""budget_used"":1.124754,""budget_violation"":0,""makespan"":88.371,""deadline_violation"":0,""machine_signature"":""0ec8d70dc6c883a2"",""weighted_score"":0.951464,""diversity_score"":3.689655},{""rank"":3,""recommended"":false,""feasible"":true,""budget_used"":0.202615,""budget_violation"":0,""makespan"":92.879,""deadline_violation"":0,""machine_signature"":""5264ecd91708c34e"",""weighted_score"":1,""diversity_score"":0}]"
heft_colocation,cluster_hetero,17,maddid0000018|maddid0000037|maddid0000056|mbackgroundid0000013|mbackgroundid0000015|mbackgroundid0000032|mbackgroundid0000033|mbackgroundid0000034|mbackgroundid0000035|mbackgroundid0000052|mbackgroundid0000053|mbgmodelid0000031|mconcatfitid0000030|mdifffitid0000006|mdifffitid0000007|mdifffitid0000008|mdifffitid0000009|mdifffitid0000024|mdifffitid0000026|mdifffitid0000029|mdifffitid0000043|mdifffitid0000044|mimgtblid0000036|mprojectid0000003|mprojectid0000004|mprojectid0000020|mprojectid0000022|mprojectid0000023|mprojectid0000042,0.200000,281.883000,0.000000,0.000000,346.902440,0.000000,0.000000,true,57.948000,10,1.194000,"{""bora005"":21,""bora006"":26,""diablo01"":6,""diablo02"":5}","{""bora005"":0.087783,""bora006"":0.076833,""diablo01"":0.005543,""diablo02"":0.005621}",[]
prism_cc_cost,cluster_hetero,17,maddid0000018|maddid0000037|maddid0000056|mbackgroundid0000013|mbackgroundid0000015|mbackgroundid0000032|mbackgroundid0000033|mbackgroundid0000034|mbackgroundid0000035|mbackgroundid0000052|mbackgroundid0000053|mbgmodelid0000031|mconcatfitid0000030|mdifffitid0000006|mdifffitid0000007|mdifffitid0000008|mdifffitid0000009|mdifffitid0000024|mdifffitid0000026|mdifffitid0000029|mdifffitid0000043|mdifffitid0000044|mimgtblid0000036|mprojectid0000003|mprojectid0000004|mprojectid0000020|mprojectid0000022|mprojectid0000023|mprojectid0000042,0.200000,281.883000,0.000000,0.000000,346.902440,0.000000,0.000000,true,57.948000,10,198.372000,"{""bora005"":21,""bora006"":26,""diablo01"":6,""diablo02"":5}","{""bora005"":0.087783,""bora006"":0.076833,""diablo01"":0.005543,""diablo02"":0.005621}","[{""rank"":1,""recommended"":true,""feasible"":true,""budget_used"":0,""budget_violation"":0,""makespan"":281.883,""deadline_violation"":0,""machine_signature"":""595abadc061b3d21"",""weighted_score"":0,""diversity_score"":3.551724},{""rank"":2,""recommended"":false,""feasible"":true,""budget_used"":0,""budget_violation"":0,""makespan"":281.883,""deadline_violation"":0,""machine_signature"":""2c52d4b9190601d9"",""weighted_score"":0,""diversity_score"":3.586207}]"
prism_cc_time,cluster_hetero,17,maddid0000018|maddid0000037|maddid0000056|mbackgroundid0000013|mbackgroundid0000015|mbackgroundid0000032|mbackgroundid0000033|mbackgroundid0000034|mbackgroundid0000035|mbackgroundid0000052|mbackgroundid0000053|mbgmodelid0000031|mconcatfitid0000030|mdifffitid0000006|mdifffitid0000007|mdifffitid0000008|mdifffitid0000009|mdifffitid0000024|mdifffitid0000026|mdifffitid0000029|mdifffitid0000043|mdifffitid0000044|mimgtblid0000036|mprojectid0000003|mprojectid0000004|mprojectid0000020|mprojectid0000022|mprojectid0000023|mprojectid0000042,0.200000,281.883000,0.000000,0.000000,346.902440,0.000000,0.000000,true,57.948000,10,198.372000,"{""bora005"":21,""bora006"":26,""diablo01"":6,""diablo02"":5}","{""bora005"":0.087783,""bora006"":0.076833,""diablo01"":0.005543,""diablo02"":0.005621}","[{""rank"":1,""recommended"":true,""feasible"":true,""budget_used"":0,""budget_violation"":0,""makespan"":281.883,""deadline_violation"":0,""machine_signature"":""595abadc061b3d21"",""weighted_score"":1,""diversity_score"":3.551724},{""rank"":2,""recommended"":false,""feasible"":true,""budget_used"":0,""budget_violation"":0,""makespan"":281.883,""deadline_violation"":0,""machine_signature"":""2c52d4b9190601d9"",""weighted_score"":1,""diversity_score"":3.586207}]"
heft_colocation,cluster_homo,17,maddid0000018|maddid0000037|maddid0000056|mbackgroundid0000013|mbackgroundid0000015|mbackgroundid0000032|mbackgroundid0000033|mbackgroundid0000034|mbackgroundid0000035|mbackgroundid0000052|mbackgroundid0000053|mbgmodelid0000031|mconcatfitid0000030|mdifffitid0000006|mdifffitid0000007|mdifffitid0000008|mdifffitid0000009|mdifffitid0000024|mdifffitid0000026|mdifffitid0000029|mdifffitid0000043|mdifffitid0000044|mimgtblid0000036|mprojectid0000003|mprojectid0000004|mprojectid0000020|mprojectid0000022|mprojectid0000023|mprojectid0000042,0.200000,281.326000,0.000000,0.000000,337.591200,0.000000,0.000000,true,31.964000,7,0.833000,"{""bora001"":16,""bora002"":16,""bora003"":14,""bora004"":12}","{""bora001"":0.050367,""bora002"":0.024452,""bora003"":0.048717,""bora004"":0.054773}",[]
prism_cc_cost,cluster_homo,17,maddid0000018|maddid0000037|maddid0000056|mbackgroundid0000013|mbackgroundid0000015|mbackgroundid0000032|mbackgroundid0000033|mbackgroundid0000034|mbackgroundid0000035|mbackgroundid0000052|mbackgroundid0000053|mbgmodelid0000031|mconcatfitid0000030|mdifffitid0000006|mdifffitid0000007|mdifffitid0000008|mdifffitid0000009|mdifffitid0000024|mdifffitid0000026|mdifffitid0000029|mdifffitid0000043|mdifffitid0000044|mimgtblid0000036|mprojectid0000003|mprojectid0000004|mprojectid0000020|mprojectid0000022|mprojectid0000023|mprojectid0000042,0.200000,281.326000,0.000000,0.000000,337.591200,0.000000,0.000000,true,31.964000,7,155.464000,"{""bora001"":16,""bora002"":16,""bora003"":14,""bora004"":12}","{""bora001"":0.050367,""bora002"":0.024452,""bora003"":0.048717,""bora004"":0.054773}","[{""rank"":1,""recommended"":true,""feasible"":true,""budget_used"":0,""budget_violation"":0,""makespan"":281.326,""deadline_violation"":0,""machine_signature"":""ab09848ce7499461"",""weighted_score"":0,""diversity_score"":3.724138},{""rank"":2,""recommended"":false,""feasible"":true,""budget_used"":0,""budget_violation"":0,""makespan"":281.326,""deadline_violation"":0,""machine_signature"":""df5f0f4976ebf50a"",""weighted_score"":0,""diversity_score"":3.706897}]"
prism_cc_time,cluster_homo,17,maddid0000018|maddid0000037|maddid0000056|mbackgroundid0000013|mbackgroundid0000015|mbackgroundid0000032|mbackgroundid0000033|mbackgroundid0000034|mbackgroundid0000035|mbackgroundid0000052|mbackgroundid0000053|mbgmodelid0000031|mconcatfitid0000030|mdifffitid0000006|mdifffitid0000007|mdifffitid0000008|mdifffitid0000009|mdifffitid0000024|mdifffitid0000026|mdifffitid0000029|mdifffitid0000043|mdifffitid0000044|mimgtblid0000036|mprojectid0000003|mprojectid0000004|mprojectid0000020|mprojectid0000022|mprojectid0000023|mprojectid0000042,0.200000,281.326000,0.000000,0.000000,337.591200,0.000000,0.000000,true,31.964000,7,155.464000,"{""bora001"":16,""bora002"":16,""bora003"":14,""bora004"":12}","{""bora001"":0.050367,""bora002"":0.024452,""bora003"":0.048717,""bora004"":0.054773}","[{""rank"":1,""recommended"":true,""feasible"":true,""budget_used"":0,""budget_violation"":0,""makespan"":281.326,""deadline_violation"":0,""machine_signature"":""ab09848ce7499461"",""weighted_score"":1,""diversity_score"":3.724138},{""rank"":2,""recommended"":false,""feasible"":true,""budget_used"":0,""budget_violation"":0,""makespan"":281.326,""deadline_violation"":0,""machine_signature"":""df5f0f4976ebf50a"",""weighted_score"":1,""diversity_score"":3.706897}]"
heft_colocation,hybrid_hetero,17,maddid0000018|maddid0000037|maddid0000056|mbackgroundid0000013|mbackgroundid0000015|mbackgroundid0000032|mbackgroundid0000033|mbackgroundid0000034|mbackgroundid0000035|mbackgroundid0000052|mbackgroundid0000053|mbgmodelid0000031|mconcatfitid0000030|mdifffitid0000006|mdifffitid0000007|mdifffitid0000008|mdifffitid0000009|mdifffitid0000024|mdifffitid0000026|mdifffitid0000029|mdifffitid0000043|mdifffitid0000044|mimgtblid0000036|mprojectid0000003|mprojectid0000004|mprojectid0000020|mprojectid0000022|mprojectid0000023|mprojectid0000042,0.200000,91.837000,0.440842,0.507908,117.111320,0.000000,0.000000,true,41.729000,22,2.473000,"{""bora011"":2,""diablo03"":1,""h3-standard-88-2"":9,""h4d-standard-192-7"":46}","{""bora011"":0.000555,""diablo03"":0.00021,""h3-standard-88-2"":0.004002,""h4d-standard-192-7"":0.019564}",[]
prism_cc_cost,hybrid_hetero,17,maddid0000018|maddid0000037|maddid0000056|mbackgroundid0000013|mbackgroundid0000015|mbackgroundid0000032|mbackgroundid0000033|mbackgroundid0000034|mbackgroundid0000035|mbackgroundid0000052|mbackgroundid0000053|mbgmodelid0000031|mconcatfitid0000030|mdifffitid0000006|mdifffitid0000007|mdifffitid0000008|mdifffitid0000009|mdifffitid0000024|mdifffitid0000026|mdifffitid0000029|mdifffitid0000043|mdifffitid0000044|mimgtblid0000036|mprojectid0000003|mprojectid0000004|mprojectid0000020|mprojectid0000022|mprojectid0000023|mprojectid0000042,0.200000,99.401000,0.290836,0.507908,117.111320,0.000000,0.000000,true,41.838000,22,375.152000,"{""bora011"":13,""diablo03"":5,""h3-standard-88-2"":3,""h4d-standard-192-7"":37}","{""bora011"":0.004612,""diablo03"":0.001107,""h3-standard-88-2"":0.00335,""h4d-standard-192-7"":0.017982}","[{""rank"":1,""recommended"":true,""feasible"":true,""budget_used"":0.290836,""budget_violation"":0,""makespan"":99.401,""deadline_violation"":0,""machine_signature"":""d4e4ae7daca75e22"",""weighted_score"":0.290836,""diversity_score"":3.362069},{""rank"":2,""recommended"":false,""feasible"":true,""budget_used"":0.327836,""budget_violation"":0,""makespan"":93.207,""deadline_violation"":0,""machine_signature"":""205311b878b2915b"",""weighted_score"":0.327836,""diversity_score"":3.224138},{""rank"":3,""recommended"":false,""feasible"":true,""budget_used"":0.426001,""budget_violation"":0,""makespan"":91.837,""deadline_violation"":0,""machine_signature"":""3f05a1c8792a3642"",""weighted_score"":0.426001,""diversity_score"":3.206897},{""rank"":4,""recommended"":false,""feasible"":true,""budget_used"":0.440842,""budget_violation"":0,""makespan"":91.837,""deadline_violation"":0,""machine_signature"":""db23025f3603d007"",""weighted_score"":0.440842,""diversity_score"":3.206897}]"
prism_cc_time,hybrid_hetero,17,maddid0000018|maddid0000037|maddid0000056|mbackgroundid0000013|mbackgroundid0000015|mbackgroundid0000032|mbackgroundid0000033|mbackgroundid0000034|mbackgroundid0000035|mbackgroundid0000052|mbackgroundid0000053|mbgmodelid0000031|mconcatfitid0000030|mdifffitid0000006|mdifffitid0000007|mdifffitid0000008|mdifffitid0000009|mdifffitid0000024|mdifffitid0000026|mdifffitid0000029|mdifffitid0000043|mdifffitid0000044|mimgtblid0000036|mprojectid0000003|mprojectid0000004|mprojectid0000020|mprojectid0000022|mprojectid0000023|mprojectid0000042,0.200000,91.837000,0.426001,0.507908,117.111320,0.000000,0.000000,true,41.729000,22,375.152000,"{""bora011"":3,""diablo03"":1,""h3-standard-88-2"":8,""h4d-standard-192-7"":46}","{""bora011"":0.000597,""diablo03"":0.00021,""h3-standard-88-2"":0.003995,""h4d-standard-192-7"":0.019564}","[{""rank"":1,""recommended"":true,""feasible"":true,""budget_used"":0.426001,""budget_violation"":0,""makespan"":91.837,""deadline_violation"":0,""machine_signature"":""3f05a1c8792a3642"",""weighted_score"":0.923904,""diversity_score"":3.206897},{""rank"":2,""recommended"":false,""feasible"":true,""budget_used"":0.440842,""budget_violation"":0,""makespan"":91.837,""deadline_violation"":0,""machine_signature"":""db23025f3603d007"",""weighted_score"":0.923904,""diversity_score"":3.206897},{""rank"":3,""recommended"":false,""feasible"":true,""budget_used"":0.327836,""budget_violation"":0,""makespan"":93.207,""deadline_violation"":0,""machine_signature"":""205311b878b2915b"",""weighted_score"":0.937687,""diversity_score"":3.224138},{""rank"":4,""recommended"":false,""feasible"":true,""budget_used"":0.290836,""budget_violation"":0,""makespan"":99.401,""deadline_violation"":0,""machine_signature"":""d4e4ae7daca75e22"",""weighted_score"":1,""diversity_score"":3.362069}]"
heft_colocation,hybrid_homo,17,maddid0000018|maddid0000037|maddid0000056|mbackgroundid0000013|mbackgroundid0000015|mbackgroundid0000032|mbackgroundid0000033|mbackgroundid0000034|mbackgroundid0000035|mbackgroundid0000052|mbackgroundid0000053|mbgmodelid0000031|mconcatfitid0000030|mdifffitid0000006|mdifffitid0000007|mdifffitid0000008|mdifffitid0000009|mdifffitid0000024|mdifffitid0000026|mdifffitid0000029|mdifffitid0000043|mdifffitid0000044|mimgtblid0000036|mprojectid0000003|mprojectid0000004|mprojectid0000020|mprojectid0000022|mprojectid0000023|mprojectid0000042,0.200000,90.904000,0.604993,0.747528,110.602640,0.000000,0.000000,true,21.620000,18,1.688000,"{""bora009"":2,""bora010"":1,""h4d-standard-192-5"":32,""h4d-standard-192-6"":23}","{""bora009"":0.00056,""bora010"":0.000302,""h4d-standard-192-5"":0.0081,""h4d-standard-192-6"":0.011459}",[]
prism_cc_cost,hybrid_homo,17,maddid0000018|maddid0000037|maddid0000056|mbackgroundid0000013|mbackgroundid0000015|mbackgroundid0000032|mbackgroundid0000033|mbackgroundid0000034|mbackgroundid0000035|mbackgroundid0000052|mbackgroundid0000053|mbgmodelid0000031|mconcatfitid0000030|mdifffitid0000006|mdifffitid0000007|mdifffitid0000008|mdifffitid0000009|mdifffitid0000024|mdifffitid0000026|mdifffitid0000029|mdifffitid0000043|mdifffitid0000044|mimgtblid0000036|mprojectid0000003|mprojectid0000004|mprojectid0000020|mprojectid0000022|mprojectid0000023|mprojectid0000042,0.200000,97.395000,0.355053,0.747528,110.602640,0.000000,0.000000,true,34.044000,16,452.990000,"{""bora009"":13,""bora010"":11,""h4d-standard-192-5"":28,""h4d-standard-192-6"":6}","{""bora009"":0.0042,""bora010"":0.004384,""h4d-standard-192-5"":0.014181,""h4d-standard-192-6"":0.004461}","[{""rank"":1,""recommended"":true,""feasible"":true,""budget_used"":0.355053,""budget_violation"":0,""makespan"":97.395,""deadline_violation"":0,""machine_signature"":""d3a72891dd9d60cd"",""weighted_score"":0.355053,""diversity_score"":3.517241},{""rank"":2,""recommended"":false,""feasible"":true,""budget_used"":0.395898,""budget_violation"":0,""makespan"":91.748,""deadline_violation"":0,""machine_signature"":""74b71a7c283d8e3d"",""weighted_score"":0.395898,""diversity_score"":3.517241},{""rank"":3,""recommended"":false,""feasible"":true,""budget_used"":0.596044,""budget_violation"":0,""makespan"":90.904,""deadline_violation"":0,""machine_signature"":""7e3727f20ee330d4"",""weighted_score"":0.596044,""diversity_score"":3.465517},{""rank"":4,""recommended"":false,""feasible"":true,""budget_used"":0.604993,""budget_violation"":0,""makespan"":90.904,""deadline_violation"":0,""machine_signature"":""c9bc49f1efbdd4d3"",""weighted_score"":0.604993,""diversity_score"":3.448276}]"
prism_cc_time,hybrid_homo,17,maddid0000018|maddid0000037|maddid0000056|mbackgroundid0000013|mbackgroundid0000015|mbackgroundid0000032|mbackgroundid0000033|mbackgroundid0000034|mbackgroundid0000035|mbackgroundid0000052|mbackgroundid0000053|mbgmodelid0000031|mconcatfitid0000030|mdifffitid0000006|mdifffitid0000007|mdifffitid0000008|mdifffitid0000009|mdifffitid0000024|mdifffitid0000026|mdifffitid0000029|mdifffitid0000043|mdifffitid0000044|mimgtblid0000036|mprojectid0000003|mprojectid0000004|mprojectid0000020|mprojectid0000022|mprojectid0000023|mprojectid0000042,0.200000,90.904000,0.596044,0.747528,110.602640,0.000000,0.000000,true,21.620000,18,452.990000,"{""bora009"":3,""bora010"":1,""h4d-standard-192-5"":31,""h4d-standard-192-6"":23}","{""bora009"":0.000604,""bora010"":0.000302,""h4d-standard-192-5"":0.008099,""h4d-standard-192-6"":0.011459}","[{""rank"":1,""recommended"":true,""feasible"":true,""budget_used"":0.596044,""budget_violation"":0,""makespan"":90.904,""deadline_violation"":0,""machine_signature"":""7e3727f20ee330d4"",""weighted_score"":0.933354,""diversity_score"":3.465517},{""rank"":2,""recommended"":false,""feasible"":true,""budget_used"":0.604993,""budget_violation"":0,""makespan"":90.904,""deadline_violation"":0,""machine_signature"":""c9bc49f1efbdd4d3"",""weighted_score"":0.933354,""diversity_score"":3.448276},{""rank"":3,""recommended"":false,""feasible"":true,""budget_used"":0.395898,""budget_violation"":0,""makespan"":91.748,""deadline_violation"":0,""machine_signature"":""74b71a7c283d8e3d"",""weighted_score"":0.94202,""diversity_score"":3.517241},{""rank"":4,""recommended"":false,""feasible"":true,""budget_used"":0.355053,""budget_violation"":0,""makespan"":97.395,""deadline_violation"":0,""machine_signature"":""d3a72891dd9d60cd"",""weighted_score"":1,""diversity_score"":3.517241}]"
heft_colocation,cloud_hetero,18,maddid0000018|maddid0000056|mbackgroundid0000014|mbackgroundid0000015|mbackgroundid0000035|mbackgroundid0000053|mbgmodelid0000012|mbgmodelid0000050|mconcatfitid0000030|mconcatfitid0000049|mdifffitid0000006|mdifffitid0000007|mdifffitid0000008|mdifffitid0000010|mdifffitid0000024|mdifffitid0000026|mdifffitid0000027|mdifffitid0000046|mdifffitid0000048|mprojectid0000001|mprojectid0000002|mprojectid0000020|mprojectid0000021|mprojectid0000039|mprojectid0000041|mprojectid0000042|mviewerid0000038|mviewerid0000057|mviewerid0000058,0.200000,95.081000,0.688749,0.809118,110.678240,0.000000,0.000000,true,27.658000,20,2.071000,"{""h4d-highmem-192-1"":24,""h4d-standard-192-1"":34}","{""h3-standard-88-1"":0,""h3-standard-88-2"":0,""h4d-highmem-192-1"":0.008415,""h4d-standard-192-1"":0.010643}",[]
prism_cc_cost,cloud_hetero,18,maddid0000018|maddid0000056|mbackgroundid0000014|mbackgroundid0000015|mbackgroundid0000035|mbackgroundid0000053|mbgmodelid0000012|mbgmodelid0000050|mconcatfitid0000030|mconcatfitid0000049|mdifffitid0000006|mdifffitid0000007|mdifffitid0000008|mdifffitid0000010|mdifffitid0000024|mdifffitid0000026|mdifffitid0000027|mdifffitid0000046|mdifffitid0000048|mprojectid0000001|mprojectid0000002|mprojectid0000020|mprojectid0000021|mprojectid0000039|mprojectid0000041|mprojectid0000042|mviewerid0000038|mviewerid0000057|mviewerid0000058,0.200000,106.738000,0.232863,0.809118,110.678240,0.000000,0.000000,true,70.083000,54,360.558000,"{""h4d-standard-192-1"":58}","{""h3-standard-88-1"":0,""h3-standard-88-2"":0,""h4d-highmem-192-1"":0,""h4d-standard-192-1"":0.019047}","[{""rank"":1,""recommended"":true,""feasible"":true,""budget_used"":0.232863,""budget_violation"":0,""makespan"":106.738,""deadline_violation"":0,""machine_signature"":""7b2f8224874a69f1"",""weighted_score"":0.232863,""diversity_score"":0},{""rank"":2,""recommended"":false,""feasible"":true,""budget_used"":0.631606,""budget_violation"":0,""makespan"":95.558,""deadline_violation"":0,""machine_signature"":""877e7342665f7c0a"",""weighted_score"":0.631606,""diversity_score"":1.413793},{""rank"":3,""recommended"":false,""feasible"":true,""budget_used"":0.688749,""budget_violation"":0,""makespan"":95.081,""deadline_violation"":0,""machine_signature"":""3785db66953eda12"",""weighted_score"":0.688749,""diversity_score"":1.413793}]"
prism_cc_time,cloud_hetero,18,maddid0000018|maddid0000056|mbackgroundid0000014|mbackgroundid0000015|mbackgroundid0000035|mbackgroundid0000053|mbgmodelid0000012|mbgmodelid0000050|mconcatfitid0000030|mconcatfitid0000049|mdifffitid0000006|mdifffitid0000007|mdifffitid0000008|mdifffitid0000010|mdifffitid0000024|mdifffitid0000026|mdifffitid0000027|mdifffitid0000046|mdifffitid0000048|mprojectid0000001|mprojectid0000002|mprojectid0000020|mprojectid0000021|mprojectid0000039|mprojectid0000041|mprojectid0000042|mviewerid0000038|mviewerid0000057|mviewerid0000058,0.200000,95.081000,0.688749,0.809118,110.678240,0.000000,0.000000,true,27.658000,20,360.558000,"{""h4d-highmem-192-1"":24,""h4d-standard-192-1"":34}","{""h3-standard-88-1"":0,""h3-standard-88-2"":0,""h4d-highmem-192-1"":0.008415,""h4d-standard-192-1"":0.010643}","[{""rank"":1,""recommended"":true,""feasible"":true,""budget_used"":0.688749,""budget_violation"":0,""makespan"":95.081,""deadline_violation"":0,""machine_signature"":""3785db66953eda12"",""weighted_score"":0.890789,""diversity_score"":1.413793},{""rank"":2,""recommended"":false,""feasible"":true,""budget_used"":0.631606,""budget_violation"":0,""makespan"":95.558,""deadline_violation"":0,""machine_signature"":""877e7342665f7c0a"",""weighted_score"":0.895258,""diversity_score"":1.413793},{""rank"":3,""recommended"":false,""feasible"":true,""budget_used"":0.232863,""budget_violation"":0,""makespan"":106.738,""deadline_violation"":0,""machine_signature"":""7b2f8224874a69f1"",""weighted_score"":1,""diversity_score"":0}]"
heft_colocation,cloud_homo,18,maddid0000018|maddid0000056|mbackgroundid0000014|mbackgroundid0000015|mbackgroundid0000035|mbackgroundid0000053|mbgmodelid0000012|mbgmodelid0000050|mconcatfitid0000030|mconcatfitid0000049|mdifffitid0000006|mdifffitid0000007|mdifffitid0000008|mdifffitid0000010|mdifffitid0000024|mdifffitid0000026|mdifffitid0000027|mdifffitid0000046|mdifffitid0000048|mprojectid0000001|mprojectid0000002|mprojectid0000020|mprojectid0000021|mprojectid0000039|mprojectid0000041|mprojectid0000042|mviewerid0000038|mviewerid0000057|mviewerid0000058,0.200000,88.371000,1.106840,1.344726,106.047360,0.000000,0.000000,true,7.017000,8,2.846000,"{""h4d-standard-192-1"":17,""h4d-standard-192-2"":18,""h4d-standard-192-3"":14,""h4d-standard-192-4"":9}","{""h4d-standard-192-1"":0.004537,""h4d-standard-192-2"":0.006743,""h4d-standard-192-3"":0.005544,""h4d-standard-192-4"":0.002465}",[]
prism_cc_cost,cloud_homo,18,maddid0000018|maddid0000056|mbackgroundid0000014|mbackgroundid0000015|mbackgroundid0000035|mbackgroundid0000053|mbgmodelid0000012|mbgmodelid0000050|mconcatfitid0000030|mconcatfitid0000049|mdifffitid0000006|mdifffitid0000007|mdifffitid0000008|mdifffitid0000010|mdifffitid0000024|mdifffitid0000026|mdifffitid0000027|mdifffitid0000046|mdifffitid0000048|mprojectid0000001|mprojectid0000002|mprojectid0000020|mprojectid0000021|mprojectid0000039|mprojectid0000041|mprojectid0000042|mviewerid0000038|mviewerid0000057|mviewerid0000058,0.200000,105.468000,0.230090,1.344726,106.047360,0.000000,0.000000,true,69.758000,50,419.836000,"{""h4d-standard-192-1"":58}","{""h4d-standard-192-1"":0.01926,""h4d-standard-192-2"":0,""h4d-standard-192-3"":0,""h4d-standard-192-4"":0}","[{""rank"":1,""recommended"":true,""feasible"":true,""budget_used"":0.23009,""budget_violation"":0,""makespan"":105.468,""deadline_violation"":0,""machine_signature"":""3ea48e43ca9b9180"",""weighted_score"":0.20788,""diversity_score"":0},{""rank"":2,""recommended"":false,""feasible"":true,""budget_used"":0.746173,""budget_violation"":0,""makespan"":88.924,""deadline_violation"":0,""machine_signature"":""e2dbc36003f032dd"",""weighted_score"":0.674147,""diversity_score"":2.37931},{""rank"":3,""recommended"":false,""feasible"":true,""budget_used"":1.103491,""budget_violation"":0,""makespan"":88.371,""deadline_violation"":0,""machine_signature"":""f4fbfe8dcca7ec22"",""weighted_score"":0.996974,""diversity_score"":3.689655},{""rank"":4,""recommended"":false,""feasible"":true,""budget_used"":1.10684,""budget_violation"":0,""makespan"":88.371,""deadline_violation"":0,""machine_signature"":""4bd45fc297c99586"",""weighted_score"":1,""diversity_score"":3.689655}]"
prism_cc_time,cloud_homo,18,maddid0000018|maddid0000056|mbackgroundid0000014|mbackgroundid0000015|mbackgroundid0000035|mbackgroundid0000053|mbgmodelid0000012|mbgmodelid0000050|mconcatfitid0000030|mconcatfitid0000049|mdifffitid0000006|mdifffitid0000007|mdifffitid0000008|mdifffitid0000010|mdifffitid0000024|mdifffitid0000026|mdifffitid0000027|mdifffitid0000046|mdifffitid0000048|mprojectid0000001|mprojectid0000002|mprojectid0000020|mprojectid0000021|mprojectid0000039|mprojectid0000041|mprojectid0000042|mviewerid0000038|mviewerid0000057|mviewerid0000058,0.200000,88.371000,1.103491,1.344726,106.047360,0.000000,0.000000,true,7.017000,8,419.836000,"{""h4d-standard-192-1"":16,""h4d-standard-192-2"":18,""h4d-standard-192-3"":14,""h4d-standard-192-4"":10}","{""h4d-standard-192-1"":0.004535,""h4d-standard-192-2"":0.006743,""h4d-standard-192-3"":0.005544,""h4d-standard-192-4"":0.002467}","[{""rank"":1,""recommended"":true,""feasible"":true,""budget_used"":1.103491,""budget_violation"":0,""makespan"":88.371,""deadline_violation"":0,""machine_signature"":""f4fbfe8dcca7ec22"",""weighted_score"":0.837894,""diversity_score"":3.689655},{""rank"":2,""recommended"":false,""feasible"":true,""budget_used"":1.10684,""budget_violation"":0,""makespan"":88.371,""deadline_violation"":0,""machine_signature"":""4bd45fc297c99586"",""weighted_score"":0.837894,""diversity_score"":3.689655},{""rank"":3,""recommended"":false,""feasible"":true,""budget_used"":0.746173,""budget_violation"":0,""makespan"":88.924,""deadline_violation"":0,""machine_signature"":""e2dbc36003f032dd"",""weighted_score"":0.843137,""diversity_score"":2.37931},{""rank"":4,""recommended"":false,""feasible"":true,""budget_used"":0.23009,""budget_violation"":0,""makespan"":105.468,""deadline_violation"":0,""machine_signature"":""3ea48e43ca9b9180"",""weighted_score"":1,""diversity_score"":0}]"
heft_colocation,cluster_hetero,18,maddid0000018|maddid0000056|mbackgroundid0000014|mbackgroundid0000015|mbackgroundid0000035|mbackgroundid0000053|mbgmodelid0000012|mbgmodelid0000050|mconcatfitid0000030|mconcatfitid0000049|mdifffitid0000006|mdifffitid0000007|mdifffitid0000008|mdifffitid0000010|mdifffitid0000024|mdifffitid0000026|mdifffitid0000027|mdifffitid0000046|mdifffitid0000048|mprojectid0000001|mprojectid0000002|mprojectid0000020|mprojectid0000021|mprojectid0000039|mprojectid0000041|mprojectid0000042|mviewerid0000038|mviewerid0000057|mviewerid0000058,0.200000,304.107000,0.000000,0.000000,346.902440,0.000000,0.000000,true,87.566000,11,0.998000,"{""bora005"":18,""bora006"":28,""diablo01"":4,""diablo02"":8}","{""bora005"":0.071474,""bora006"":0.085197,""diablo01"":0.004957,""diablo02"":0.004423}",[]
prism_cc_cost,cluster_hetero,18,maddid0000018|maddid0000056|mbackgroundid0000014|mbackgroundid0000015|mbackgroundid0000035|mbackgroundid0000053|mbgmodelid0000012|mbgmodelid0000050|mconcatfitid0000030|mconcatfitid0000049|mdifffitid0000006|mdifffitid0000007|mdifffitid0000008|mdifffitid0000010|mdifffitid0000024|mdifffitid0000026|mdifffitid0000027|mdifffitid0000046|mdifffitid0000048|mprojectid0000001|mprojectid0000002|mprojectid0000020|mprojectid0000021|mprojectid0000039|mprojectid0000041|mprojectid0000042|mviewerid0000038|mviewerid0000057|mviewerid0000058,0.200000,304.107000,0.000000,0.000000,346.902440,0.000000,0.000000,true,87.340000,10,175.172000,"{""bora005"":18,""bora006"":27,""diablo01"":4,""diablo02"":9}","{""bora005"":0.071474,""bora006"":0.085073,""diablo01"":0.004957,""diablo02"":0.004496}","[{""rank"":1,""recommended"":true,""feasible"":true,""budget_used"":0,""budget_violation"":0,""makespan"":304.107,""deadline_violation"":0,""machine_signature"":""abce553099261742"",""weighted_score"":0,""diversity_score"":3.534483},{""rank"":2,""recommended"":false,""feasible"":true,""budget_used"":0,""budget_violation"":0,""makespan"":304.107,""deadline_violation"":0,""machine_signature"":""b95765ce307afa73"",""weighted_score"":0,""diversity_score"":3.517241}]"
prism_cc_time,cluster_hetero,18,maddid0000018|maddid0000056|mbackgroundid0000014|mbackgroundid0000015|mbackgroundid0000035|mbackgroundid0000053|mbgmodelid0000012|mbgmodelid0000050|mconcatfitid0000030|mconcatfitid0000049|mdifffitid0000006|mdifffitid0000007|mdifffitid0000008|mdifffitid0000010|mdifffitid0000024|mdifffitid0000026|mdifffitid0000027|mdifffitid0000046|mdifffitid0000048|mprojectid0000001|mprojectid0000002|mprojectid0000020|mprojectid0000021|mprojectid0000039|mprojectid0000041|mprojectid0000042|mviewerid0000038|mviewerid0000057|mviewerid0000058,0.200000,304.107000,0.000000,0.000000,346.902440,0.000000,0.000000,true,87.340000,10,175.172000,"{""bora005"":18,""bora006"":27,""diablo01"":4,""diablo02"":9}","{""bora005"":0.071474,""bora006"":0.085073,""diablo01"":0.004957,""diablo02"":0.004496}","[{""rank"":1,""recommended"":true,""feasible"":true,""budget_used"":0,""budget_violation"":0,""makespan"":304.107,""deadline_violation"":0,""machine_signature"":""abce553099261742"",""weighted_score"":1,""diversity_score"":3.534483},{""rank"":2,""recommended"":false,""feasible"":true,""budget_used"":0,""budget_violation"":0,""makespan"":304.107,""deadline_violation"":0,""machine_signature"":""b95765ce307afa73"",""weighted_score"":1,""diversity_score"":3.517241}]"
heft_colocation,cluster_homo,18,maddid0000018|maddid0000056|mbackgroundid0000014|mbackgroundid0000015|mbackgroundid0000035|mbackgroundid0000053|mbgmodelid0000012|mbgmodelid0000050|mconcatfitid0000030|mconcatfitid0000049|mdifffitid0000006|mdifffitid0000007|mdifffitid0000008|mdifffitid0000010|mdifffitid0000024|mdifffitid0000026|mdifffitid0000027|mdifffitid0000046|mdifffitid0000048|mprojectid0000001|mprojectid0000002|mprojectid0000020|mprojectid0000021|mprojectid0000039|mprojectid0000041|mprojectid0000042|mviewerid0000038|mviewerid0000057|mviewerid0000058,0.200000,281.326000,0.000000,0.000000,337.591200,0.000000,0.000000,true,39.157000,10,0.846000,"{""bora001"":15,""bora002"":18,""bora003"":17,""bora004"":8}","{""bora001"":0.041977,""bora002"":0.062633,""bora003"":0.052029,""bora004"":0.02238}",[]
prism_cc_cost,cluster_homo,18,maddid0000018|maddid0000056|mbackgroundid0000014|mbackgroundid0000015|mbackgroundid0000035|mbackgroundid0000053|mbgmodelid0000012|mbgmodelid0000050|mconcatfitid0000030|mconcatfitid0000049|mdifffitid0000006|mdifffitid0000007|mdifffitid0000008|mdifffitid0000010|mdifffitid0000024|mdifffitid0000026|mdifffitid0000027|mdifffitid0000046|mdifffitid0000048|mprojectid0000001|mprojectid0000002|mprojectid0000020|mprojectid0000021|mprojectid0000039|mprojectid0000041|mprojectid0000042|mviewerid0000038|mviewerid0000057|mviewerid0000058,0.200000,281.326000,0.000000,0.000000,337.591200,0.000000,0.000000,true,39.157000,10,172.586000,"{""bora001"":15,""bora002"":18,""bora003"":17,""bora004"":8}","{""bora001"":0.041977,""bora002"":0.062633,""bora003"":0.052029,""bora004"":0.02238}","[{""rank"":1,""recommended"":true,""feasible"":true,""budget_used"":0,""budget_violation"":0,""makespan"":281.326,""deadline_violation"":0,""machine_signature"":""6676a4a4f4cbd11a"",""weighted_score"":0,""diversity_score"":3.689655},{""rank"":2,""recommended"":false,""feasible"":true,""budget_used"":0,""budget_violation"":0,""makespan"":281.326,""deadline_violation"":0,""machine_signature"":""bd51360553d72cc7"",""weighted_score"":0,""diversity_score"":3.655172}]"
prism_cc_time,cluster_homo,18,maddid0000018|maddid0000056|mbackgroundid0000014|mbackgroundid0000015|mbackgroundid0000035|mbackgroundid0000053|mbgmodelid0000012|mbgmodelid0000050|mconcatfitid0000030|mconcatfitid0000049|mdifffitid0000006|mdifffitid0000007|mdifffitid0000008|mdifffitid0000010|mdifffitid0000024|mdifffitid0000026|mdifffitid0000027|mdifffitid0000046|mdifffitid0000048|mprojectid0000001|mprojectid0000002|mprojectid0000020|mprojectid0000021|mprojectid0000039|mprojectid0000041|mprojectid0000042|mviewerid0000038|mviewerid0000057|mviewerid0000058,0.200000,281.326000,0.000000,0.000000,337.591200,0.000000,0.000000,true,39.157000,10,172.586000,"{""bora001"":15,""bora002"":18,""bora003"":17,""bora004"":8}","{""bora001"":0.041977,""bora002"":0.062633,""bora003"":0.052029,""bora004"":0.02238}","[{""rank"":1,""recommended"":true,""feasible"":true,""budget_used"":0,""budget_violation"":0,""makespan"":281.326,""deadline_violation"":0,""machine_signature"":""6676a4a4f4cbd11a"",""weighted_score"":1,""diversity_score"":3.689655},{""rank"":2,""recommended"":false,""feasible"":true,""budget_used"":0,""budget_violation"":0,""makespan"":281.326,""deadline_violation"":0,""machine_signature"":""bd51360553d72cc7"",""weighted_score"":1,""diversity_score"":3.655172}]"
heft_colocation,hybrid_hetero,18,maddid0000018|maddid0000056|mbackgroundid0000014|mbackgroundid0000015|mbackgroundid0000035|mbackgroundid0000053|mbgmodelid0000012|mbgmodelid0000050|mconcatfitid0000030|mconcatfitid0000049|mdifffitid0000006|mdifffitid0000007|mdifffitid0000008|mdifffitid0000010|mdifffitid0000024|mdifffitid0000026|mdifffitid0000027|mdifffitid0000046|mdifffitid0000048|mprojectid0000001|mprojectid0000002|mprojectid0000020|mprojectid0000021|mprojectid0000039|mprojectid0000041|mprojectid0000042|mviewerid0000038|mviewerid0000057|mviewerid0000058,0.200000,102.859000,0.491594,0.507908,117.111320,0.000000,0.000000,true,57.158000,42,2.567000,"{""bora011"":2,""diablo03"":1,""h3-standard-88-2"":11,""h4d-standard-192-7"":44}","{""bora011"":0.000495,""diablo03"":0.000187,""h3-standard-88-2"":0.003055,""h4d-standard-192-7"":0.018372}",[]
prism_cc_cost,hybrid_hetero,18,maddid0000018|maddid0000056|mbackgroundid0000014|mbackgroundid0000015|mbackgroundid0000035|mbackgroundid0000053|mbgmodelid0000012|mbgmodelid0000050|mconcatfitid0000030|mconcatfitid0000049|mdifffitid0000006|mdifffitid0000007|mdifffitid0000008|mdifffitid0000010|mdifffitid0000024|mdifffitid0000026|mdifffitid0000027|mdifffitid0000046|mdifffitid0000048|mprojectid0000001|mprojectid0000002|mprojectid0000020|mprojectid0000021|mprojectid0000039|mprojectid0000041|mprojectid0000042|mviewerid0000038|mviewerid0000057|mviewerid0000058,0.200000,110.035000,0.272531,0.507908,117.111320,0.000000,0.000000,true,56.972000,39,334.024000,"{""bora011"":17,""diablo03"":7,""h3-standard-88-2"":3,""h4d-standard-192-7"":31}","{""bora011"":0.005092,""diablo03"":0.0019,""h3-standard-88-2"":0.002437,""h4d-standard-192-7"":0.017023}","[{""rank"":1,""recommended"":true,""feasible"":true,""budget_used"":0.272531,""budget_violation"":0,""makespan"":110.035,""deadline_violation"":0,""machine_signature"":""bfeb2c1c4b93c497"",""weighted_score"":0.272531,""diversity_score"":3.465517},{""rank"":2,""recommended"":false,""feasible"":true,""budget_used"":0.31581,""budget_violation"":0,""makespan"":105.769,""deadline_violation"":0,""machine_signature"":""97ace58cde5953a6"",""weighted_score"":0.31581,""diversity_score"":3.327586},{""rank"":3,""recommended"":false,""feasible"":true,""budget_used"":0.334027,""budget_violation"":0,""makespan"":104.108,""deadline_violation"":0,""machine_signature"":""98b1f8eff11d46c8"",""weighted_score"":0.334027,""diversity_score"":3.293103},{""rank"":4,""recommended"":false,""feasible"":true,""budget_used"":0.452899,""budget_violation"":0,""makespan"":102.859,""deadline_violation"":0,""machine_signature"":""b14216f22a431f5d"",""weighted_score"":0.452899,""diversity_score"":3.241379},{""rank"":5,""recommended"":false,""feasible"":true,""budget_used"":0.491594,""budget_violation"":0,""makespan"":102.859,""deadline_violation"":0,""machine_signature"":""c2ce18ff3fb10b22"",""weighted_score"":0.491594,""diversity_score"":3.241379}]"
prism_cc_time,hybrid_hetero,18,maddid0000018|maddid0000056|mbackgroundid0000014|mbackgroundid0000015|mbackgroundid0000035|mbackgroundid0000053|mbgmodelid0000012|mbgmodelid0000050|mconcatfitid0000030|mconcatfitid0000049|mdifffitid0000006|mdifffitid0000007|mdifffitid0000008|mdifffitid0000010|mdifffitid0000024|mdifffitid0000026|mdifffitid0000027|mdifffitid0000046|mdifffitid0000048|mprojectid0000001|mprojectid0000002|mprojectid0000020|mprojectid0000021|mprojectid0000039|mprojectid0000041|mprojectid0000042|mviewerid0000038|mviewerid0000057|mviewerid0000058,0.200000,102.859000,0.452899,0.507908,117.111320,0.000000,0.000000,true,57.158000,42,334.024000,"{""bora011"":3,""diablo03"":1,""h3-standard-88-2"":10,""h4d-standard-192-7"":44}","{""bora011"":0.000533,""diablo03"":0.000187,""h3-standard-88-2"":0.003049,""h4d-standard-192-7"":0.018372}","[{""rank"":1,""recommended"":true,""feasible"":true,""budget_used"":0.452899,""budget_violation"":0,""makespan"":102.859,""deadline_violation"":0,""machine_signature"":""b14216f22a431f5d"",""weighted_score"":0.934784,""diversity_score"":3.241379},{""rank"":2,""recommended"":false,""feasible"":true,""budget_used"":0.491594,""budget_violation"":0,""makespan"":102.859,""deadline_violation"":0,""machine_signature"":""c2ce18ff3fb10b22"",""weighted_score"":0.934784,""diversity_score"":3.241379},{""rank"":3,""recommended"":false,""feasible"":true,""budget_used"":0.334027,""budget_violation"":0,""makespan"":104.108,""deadline_violation"":0,""machine_signature"":""98b1f8eff11d46c8"",""weighted_score"":0.946135,""diversity_score"":3.293103},{""rank"":4,""recommended"":false,""feasible"":true,""budget_used"":0.31581,""budget_violation"":0,""makespan"":105.769,""deadline_violation"":0,""machine_signature"":""97ace58cde5953a6"",""weighted_score"":0.961231,""diversity_score"":3.327586},{""rank"":5,""recommended"":false,""feasible"":true,""budget_used"":0.272531,""budget_violation"":0,""makespan"":110.035,""deadline_violation"":0,""machine_signature"":""bfeb2c1c4b93c497"",""weighted_score"":1,""diversity_score"":3.465517}]"
heft_colocation,hybrid_homo,18,maddid0000018|maddid0000056|mbackgroundid0000014|mbackgroundid0000015|mbackgroundid0000035|mbackgroundid0000053|mbgmodelid0000012|mbgmodelid0000050|mconcatfitid0000030|mconcatfitid0000049|mdifffitid0000006|mdifffitid0000007|mdifffitid0000008|mdifffitid0000010|mdifffitid0000024|mdifffitid0000026|mdifffitid0000027|mdifffitid0000046|mdifffitid0000048|mprojectid0000001|mprojectid0000002|mprojectid0000020|mprojectid0000021|mprojectid0000039|mprojectid0000041|mprojectid0000042|mviewerid0000038|mviewerid0000057|mviewerid0000058,0.200000,95.004000,0.632699,0.747528,110.602640,0.000000,0.000000,true,27.658000,20,1.674000,"{""bora009"":2,""bora010"":1,""h4d-standard-192-5"":32,""h4d-standard-192-6"":23}","{""bora009"":0.000536,""bora010"":0.000289,""h4d-standard-192-5"":0.010641,""h4d-standard-192-6"":0.008405}",[]
prism_cc_cost,hybrid_homo,18,maddid0000018|maddid0000056|mbackgroundid0000014|mbackgroundid0000015|mbackgroundid0000035|mbackgroundid0000053|mbgmodelid0000012|mbgmodelid0000050|mconcatfitid0000030|mconcatfitid0000049|mdifffitid0000006|mdifffitid0000007|mdifffitid0000008|mdifffitid0000010|mdifffitid0000024|mdifffitid0000026|mdifffitid0000027|mdifffitid0000046|mdifffitid0000048|mprojectid0000001|mprojectid0000002|mprojectid0000020|mprojectid0000021|mprojectid0000039|mprojectid0000041|mprojectid0000042|mviewerid0000038|mviewerid0000057|mviewerid0000058,0.200000,96.827000,0.443389,0.747528,110.602640,0.000000,0.000000,true,27.618000,19,352.410000,"{""bora009"":7,""bora010"":5,""h4d-standard-192-5"":27,""h4d-standard-192-6"":19}","{""bora009"":0.00089,""bora010"":0.001942,""h4d-standard-192-5"":0.010399,""h4d-standard-192-6"":0.008218}","[{""rank"":1,""recommended"":true,""feasible"":true,""budget_used"":0.443389,""budget_violation"":0,""makespan"":96.827,""deadline_violation"":0,""machine_signature"":""5919f145a9c1ae57"",""weighted_score"":0.443389,""diversity_score"":3.534483},{""rank"":2,""recommended"":false,""feasible"":true,""budget_used"":0.465365,""budget_violation"":0,""makespan"":95.719,""deadline_violation"":0,""machine_signature"":""744e5f240fc8938f"",""weighted_score"":0.465365,""diversity_score"":3.534483},{""rank"":3,""recommended"":false,""feasible"":true,""budget_used"":0.608719,""budget_violation"":0,""makespan"":95.004,""deadline_violation"":0,""machine_signature"":""0adbb4f635c79a00"",""weighted_score"":0.608719,""diversity_score"":3.448276},{""rank"":4,""recommended"":false,""feasible"":true,""budget_used"":0.632699,""budget_violation"":0,""makespan"":95.004,""deadline_violation"":0,""machine_signature"":""0c81e223619f8fed"",""weighted_score"":0.632699,""diversity_score"":3.448276}]"
prism_cc_time,hybrid_homo,18,maddid0000018|maddid0000056|mbackgroundid0000014|mbackgroundid0000015|mbackgroundid0000035|mbackgroundid0000053|mbgmodelid0000012|mbgmodelid0000050|mconcatfitid0000030|mconcatfitid0000049|mdifffitid0000006|mdifffitid0000007|mdifffitid0000008|mdifffitid0000010|mdifffitid0000024|mdifffitid0000026|mdifffitid0000027|mdifffitid0000046|mdifffitid0000048|mprojectid0000001|mprojectid0000002|mprojectid0000020|mprojectid0000021|mprojectid0000039|mprojectid0000041|mprojectid0000042|mviewerid0000038|mviewerid0000057|mviewerid0000058,0.200000,95.004000,0.608719,0.747528,110.602640,0.000000,0.000000,true,27.618000,19,352.410000,"{""bora009"":2,""bora010"":2,""h4d-standard-192-5"":32,""h4d-standard-192-6"":22}","{""bora009"":0.000536,""bora010"":0.000618,""h4d-standard-192-5"":0.010636,""h4d-standard-192-6"":0.008396}","[{""rank"":1,""recommended"":true,""feasible"":true,""budget_used"":0.608719,""budget_violation"":0,""makespan"":95.004,""deadline_violation"":0,""machine_signature"":""0adbb4f635c79a00"",""weighted_score"":0.981173,""diversity_score"":3.448276},{""rank"":2,""recommended"":false,""feasible"":true,""budget_used"":0.632699,""budget_violation"":0,""makespan"":95.004,""deadline_violation"":0,""machine_signature"":""0c81e223619f8fed"",""weighted_score"":0.981173,""diversity_score"":3.448276},{""rank"":3,""recommended"":false,""feasible"":true,""budget_used"":0.465365,""budget_violation"":0,""makespan"":95.719,""deadline_violation"":0,""machine_signature"":""744e5f240fc8938f"",""weighted_score"":0.988557,""diversity_score"":3.534483},{""rank"":4,""recommended"":false,""feasible"":true,""budget_used"":0.443389,""budget_violation"":0,""makespan"":96.827,""deadline_violation"":0,""machine_signature"":""5919f145a9c1ae57"",""weighted_score"":1,""diversity_score"":3.534483}]"
heft_colocation,cloud_hetero,19,maddid0000018|maddid0000037|mbackgroundid0000015|mbackgroundid0000016|mbackgroundid0000033|mbackgroundid0000053|mbgmodelid0000012|mconcatfitid0000030|mconcatfitid0000049|mdifffitid0000005|mdifffitid0000007|mdifffitid0000008|mdifffitid0000010|mdifffitid0000024|mdifffitid0000025|mdifffitid0000026|mdifffitid0000029|mimgtblid0000017|mimgtblid0000036|mprojectid0000001|mprojectid0000002|mprojectid0000003|mprojectid0000020|mprojectid0000021|mprojectid0000022|mprojectid0000039|mprojectid0000041|mviewerid0000057|mviewerid0000058,0.200000,90.960000,0.668487,0.809118,110.678240,0.000000,0.000000,true,33.068000,20,1.977000,"{""h4d-highmem-192-1"":24,""h4d-standard-192-1"":34}","{""h3-standard-88-1"":0,""h3-standard-88-2"":0,""h4d-highmem-192-1"":0.008995,""h4d-standard-192-1"":0.011236}",[]
prism_cc_cost,cloud_hetero,19,maddid0000018|maddid0000037|mbackgroundid0000015|mbackgroundid0000016|mbackgroundid0000033|mbackgroundid0000053|mbgmodelid0000012|mconcatfitid0000030|mconcatfitid0000049|mdifffitid0000005|mdifffitid0000007|mdifffitid0000008|mdifffitid0000010|mdifffitid0000024|mdifffitid0000025|mdifffitid0000026|mdifffitid0000029|mimgtblid0000017|mimgtblid0000036|mprojectid0000001|mprojectid0000002|mprojectid0000003|mprojectid0000020|mprojectid0000021|mprojectid0000022|mprojectid0000039|mprojectid0000041|mviewerid0000057|mviewerid0000058,0.200000,98.895000,0.215753,0.809118,110.678240,0.000000,0.000000,true,82.618000,48,390.276000,"{""h4d-standard-192-1"":58}","{""h3-standard-88-1"":0,""h3-standard-88-2"":0,""h4d-highmem-192-1"":0,""h4d-standard-192-1"":0.021218}","[{""rank"":1,""recommended"":true,""feasible"":true,""budget_used"":0.215753,""budget_violation"":0,""makespan"":98.895,""deadline_violation"":0,""machine_signature"":""fb75a903367f5839"",""weighted_score"":0.215753,""diversity_score"":0},{""rank"":2,""recommended"":false,""feasible"":true,""budget_used"":0.602154,""budget_violation"":0,""makespan"":90.96,""deadline_violation"":0,""machine_signature"":""e190c089c7726e61"",""weighted_score"":0.602154,""diversity_score"":1.413793},{""rank"":3,""recommended"":false,""feasible"":true,""budget_used"":0.668487,""budget_violation"":0,""makespan"":90.96,""deadline_violation"":0,""machine_signature"":""5b41ef2dc2f9b767"",""weighted_score"":0.668487,""diversity_score"":1.413793}]"
prism_cc_time,cloud_hetero,19,maddid0000018|maddid0000037|mbackgroundid0000015|mbackgroundid0000016|mbackgroundid0000033|mbackgroundid0000053|mbgmodelid0000012|mconcatfitid0000030|mconcatfitid0000049|mdifffitid0000005|mdifffitid0000007|mdifffitid0000008|mdifffitid0000010|mdifffitid0000024|mdifffitid0000025|mdifffitid0000026|mdifffitid0000029|mimgtblid0000017|mimgtblid0000036|mprojectid0000001|mprojectid0000002|mprojectid0000003|mprojectid0000020|mprojectid0000021|mprojectid0000022|mprojectid0000039|mprojectid0000041|mviewerid0000057|mviewerid0000058,0.200000,90.960000,0.602154,0.809118,110.678240,0.000000,0.000000,true,33.068000,21,390.276000,"{""h4d-highmem-192-1"":24,""h4d-standard-192-1"":34}","{""h3-standard-88-1"":0,""h3-standard-88-2"":0,""h4d-highmem-192-1"":0.008995,""h4d-standard-192-1"":0.011236}","[{""rank"":1,""recommended"":true,""feasible"":true,""budget_used"":0.602154,""budget_violation"":0,""makespan"":90.96,""deadline_violation"":0,""machine_signature"":""e190c089c7726e61"",""weighted_score"":0.919763,""diversity_score"":1.413793},{""rank"":2,""recommended"":false,""feasible"":true,""budget_used"":0.668487,""budget_violation"":0,""makespan"":90.96,""deadline_violation"":0,""machine_signature"":""5b41ef2dc2f9b767"",""weighted_score"":0.919763,""diversity_score"":1.413793},{""rank"":3,""recommended"":false,""feasible"":true,""budget_used"":0.215753,""budget_violation"":0,""makespan"":98.895,""deadline_violation"":0,""machine_signature"":""fb75a903367f5839"",""weighted_score"":1,""diversity_score"":0}]"
heft_colocation,cloud_homo,19,maddid0000018|maddid0000037|mbackgroundid0000015|mbackgroundid0000016|mbackgroundid0000033|mbackgroundid0000053|mbgmodelid0000012|mconcatfitid0000030|mconcatfitid0000049|mdifffitid0000005|mdifffitid0000007|mdifffitid0000008|mdifffitid0000010|mdifffitid0000024|mdifffitid0000025|mdifffitid0000026|mdifffitid0000029|mimgtblid0000017|mimgtblid0000036|mprojectid0000001|mprojectid0000002|mprojectid0000003|mprojectid0000020|mprojectid0000021|mprojectid0000022|mprojectid0000039|mprojectid0000041|mviewerid0000057|mviewerid0000058,0.200000,88.371000,1.133335,1.344726,106.047360,0.000000,0.000000,true,9.792000,8,3.044000,"{""h4d-standard-192-1"":17,""h4d-standard-192-2"":12,""h4d-standard-192-3"":17,""h4d-standard-192-4"":12}","{""h4d-standard-192-1"":0.003762,""h4d-standard-192-2"":0.004348,""h4d-standard-192-3"":0.005893,""h4d-standard-192-4"":0.00545}",[]
prism_cc_cost,cloud_homo,19,maddid0000018|maddid0000037|mbackgroundid0000015|mbackgroundid0000016|mbackgroundid0000033|mbackgroundid0000053|mbgmodelid0000012|mconcatfitid0000030|mconcatfitid0000049|mdifffitid0000005|mdifffitid0000007|mdifffitid0000008|mdifffitid0000010|mdifffitid0000024|mdifffitid0000025|mdifffitid0000026|mdifffitid0000029|mimgtblid0000017|mimgtblid0000036|mprojectid0000001|mprojectid0000002|mprojectid0000003|mprojectid0000020|mprojectid0000021|mprojectid0000022|mprojectid0000039|mprojectid0000041|mviewerid0000057|mviewerid0000058,0.200000,96.407000,0.210317,1.344726,106.047360,0.000000,0.000000,true,83.131000,55,486.449000,"{""h4d-standard-192-1"":58}","{""h4d-standard-192-1"":0.021793,""h4d-standard-192-2"":0,""h4d-standard-192-3"":0,""h4d-standard-192-4"":0}","[{""rank"":1,""recommended"":true,""feasible"":true,""budget_used"":0.210317,""budget_violation"":0,""makespan"":96.407,""deadline_violation"":0,""machine_signature"":""a7618cc498fc2f30"",""weighted_score"":0.185574,""diversity_score"":0},{""rank"":2,""recommended"":false,""feasible"":true,""budget_used"":0.761904,""budget_violation"":0,""makespan"":88.924,""deadline_violation"":0,""machine_signature"":""3e81491fcfe96d9a"",""weighted_score"":0.672267,""diversity_score"":2.5},{""rank"":3,""recommended"":false,""feasible"":true,""budget_used"":1.129984,""budget_violation"":0,""makespan"":88.371,""deadline_violation"":0,""machine_signature"":""662ce19e6d3bb9c2"",""weighted_score"":0.997043,""diversity_score"":3.706897},{""rank"":4,""recommended"":false,""feasible"":true,""budget_used"":1.133335,""budget_violation"":0,""makespan"":88.371,""deadline_violation"":0,""machine_signature"":""8495b5b8e480d2a0"",""weighted_score"":1,""diversity_score"":3.706897}]"
prism_cc_time,cloud_homo,19,maddid0000018|maddid0000037|mbackgroundid0000015|mbackgroundid0000016|mbackgroundid0000033|mbackgroundid0000053|mbgmodelid0000012|mconcatfitid0000030|mconcatfitid0000049|mdifffitid0000005|mdifffitid0000007|mdifffitid0000008|mdifffitid0000010|mdifffitid0000024|mdifffitid0000025|mdifffitid0000026|mdifffitid0000029|mimgtblid0000017|mimgtblid0000036|mprojectid0000001|mprojectid0000002|mprojectid0000003|mprojectid0000020|mprojectid0000021|mprojectid0000022|mprojectid0000039|mprojectid0000041|mviewerid0000057|mviewerid0000058,0.200000,88.371000,1.129984,1.344726,106.047360,0.000000,0.000000,true,9.792000,8,486.449000,"{""h4d-standard-192-1"":16,""h4d-standard-192-2"":12,""h4d-standard-192-3"":17,""h4d-standard-192-4"":13}","{""h4d-standard-192-1"":0.00376,""h4d-standard-192-2"":0.004348,""h4d-standard-192-3"":0.005893,""h4d-standard-192-4"":0.005452}","[{""rank"":1,""recommended"":true,""feasible"":true,""budget_used"":1.129984,""budget_violation"":0,""makespan"":88.371,""deadline_violation"":0,""machine_signature"":""662ce19e6d3bb9c2"",""weighted_score"":0.916645,""diversity_score"":3.706897},{""rank"":2,""recommended"":false,""feasible"":true,""budget_used"":1.133335,""budget_violation"":0,""makespan"":88.371,""deadline_violation"":0,""machine_signature"":""8495b5b8e480d2a0"",""weighted_score"":0.916645,""diversity_score"":3.706897},{""rank"":3,""recommended"":false,""feasible"":true,""budget_used"":0.761904,""budget_violation"":0,""makespan"":88.924,""deadline_violation"":0,""machine_signature"":""3e81491fcfe96d9a"",""weighted_score"":0.922381,""diversity_score"":2.5},{""rank"":4,""recommended"":false,""feasible"":true,""budget_used"":0.210317,""budget_violation"":0,""makespan"":96.407,""deadline_violation"":0,""machine_signature"":""a7618cc498fc2f30"",""weighted_score"":1,""diversity_score"":0}]"
heft_colocation,cluster_hetero,19,maddid0000018|maddid0000037|mbackgroundid0000015|mbackgroundid0000016|mbackgroundid0000033|mbackgroundid0000053|mbgmodelid0000012|mconcatfitid0000030|mconcatfitid0000049|mdifffitid0000005|mdifffitid0000007|mdifffitid0000008|mdifffitid0000010|mdifffitid0000024|mdifffitid0000025|mdifffitid0000026|mdifffitid0000029|mimgtblid0000017|mimgtblid0000036|mprojectid0000001|mprojectid0000002|mprojectid0000003|mprojectid0000020|mprojectid0000021|mprojectid0000022|mprojectid0000039|mprojectid0000041|mviewerid0000057|mviewerid0000058,0.200000,281.883000,0.000000,0.000000,346.902440,0.000000,0.000000,true,99.017000,13,0.942000,"{""bora005"":19,""bora006"":25,""diablo01"":8,""diablo02"":6}","{""bora005"":0.078209,""bora006"":0.089301,""diablo01"":0.006119,""diablo02"":0.005855}",[]
prism_cc_cost,cluster_hetero,19,maddid0000018|maddid0000037|mbackgroundid0000015|mbackgroundid0000016|mbackgroundid0000033|mbackgroundid0000053|mbgmodelid0000012|mconcatfitid0000030|mconcatfitid0000049|mdifffitid0000005|mdifffitid0000007|mdifffitid0000008|mdifffitid0000010|mdifffitid0000024|mdifffitid0000025|mdifffitid0000026|mdifffitid0000029|mimgtblid0000017|mimgtblid0000036|mprojectid0000001|mprojectid0000002|mprojectid0000003|mprojectid0000020|mprojectid0000021|mprojectid0000022|mprojectid0000039|mprojectid0000041|mviewerid0000057|mviewerid0000058,0.200000,281.883000,0.000000,0.000000,346.902440,0.000000,0.000000,true,99.017000,13,195.862000,"{""bora005"":19,""bora006"":25,""diablo01"":8,""diablo02"":6}","{""bora005"":0.078209,""bora006"":0.089301,""diablo01"":0.006119,""diablo02"":0.005855}","[{""rank"":1,""recommended"":true,""feasible"":true,""budget_used"":0,""budget_violation"":0,""makespan"":281.883,""deadline_violation"":0,""machine_signature"":""db9e351793197e46"",""weighted_score"":0,""diversity_score"":3.568966},{""rank"":2,""recommended"":false,""feasible"":true,""budget_used"":0,""budget_violation"":0,""makespan"":281.883,""deadline_violation"":0,""machine_signature"":""d2b72bd9914df05e"",""weighted_score"":0,""diversity_score"":3.586207}]"
prism_cc_time,cluster_hetero,19,maddid0000018|maddid0000037|mbackgroundid0000015|mbackgroundid0000016|mbackgroundid0000033|mbackgroundid0000053|mbgmodelid0000012|mconcatfitid0000030|mconcatfitid0000049|mdifffitid0000005|mdifffitid0000007|mdifffitid0000008|mdifffitid0000010|mdifffitid0000024|mdifffitid0000025|mdifffitid0000026|mdifffitid0000029|mimgtblid0000017|mimgtblid0000036|mprojectid0000001|mprojectid0000002|mprojectid0000003|mprojectid0000020|mprojectid0000021|mprojectid0000022|mprojectid0000039|mprojectid0000041|mviewerid0000057|mviewerid0000058,0.200000,281.883000,0.000000,0.000000,346.902440,0.000000,0.000000,true,99.017000,13,195.862000,"{""bora005"":19,""bora006"":25,""diablo01"":8,""diablo02"":6}","{""bora005"":0.078209,""bora006"":0.089301,""diablo01"":0.006119,""diablo02"":0.005855}","[{""rank"":1,""recommended"":true,""feasible"":true,""budget_used"":0,""budget_violation"":0,""makespan"":281.883,""deadline_violation"":0,""machine_signature"":""db9e351793197e46"",""weighted_score"":1,""diversity_score"":3.568966},{""rank"":2,""recommended"":false,""feasible"":true,""budget_used"":0,""budget_violation"":0,""makespan"":281.883,""deadline_violation"":0,""machine_signature"":""d2b72bd9914df05e"",""weighted_score"":1,""diversity_score"":3.586207}]"
heft_colocation,cluster_homo,19,maddid0000018|maddid0000037|mbackgroundid0000015|mbackgroundid0000016|mbackgroundid0000033|mbackgroundid0000053|mbgmodelid0000012|mconcatfitid0000030|mconcatfitid0000049|mdifffitid0000005|mdifffitid0000007|mdifffitid0000008|mdifffitid0000010|mdifffitid0000024|mdifffitid0000025|mdifffitid0000026|mdifffitid0000029|mimgtblid0000017|mimgtblid0000036|mprojectid0000001|mprojectid0000002|mprojectid0000003|mprojectid0000020|mprojectid0000021|mprojectid0000022|mprojectid0000039|mprojectid0000041|mviewerid0000057|mviewerid0000058,0.200000,281.326000,0.000000,0.000000,337.591200,0.000000,0.000000,true,53.911000,9,0.787000,"{""bora001"":15,""bora002"":18,""bora003"":15,""bora004"":10}","{""bora001"":0.034827,""bora002"":0.041303,""bora003"":0.054486,""bora004"":0.04986}",[]
prism_cc_cost,cluster_homo,19,maddid0000018|maddid0000037|mbackgroundid0000015|mbackgroundid0000016|mbackgroundid0000033|mbackgroundid0000053|mbgmodelid0000012|mconcatfitid0000030|mconcatfitid0000049|mdifffitid0000005|mdifffitid0000007|mdifffitid0000008|mdifffitid0000010|mdifffitid0000024|mdifffitid0000025|mdifffitid0000026|mdifffitid0000029|mimgtblid0000017|mimgtblid0000036|mprojectid0000001|mprojectid0000002|mprojectid0000003|mprojectid0000020|mprojectid0000021|mprojectid0000022|mprojectid0000039|mprojectid0000041|mviewerid0000057|mviewerid0000058,0.200000,281.326000,0.000000,0.000000,337.591200,0.000000,0.000000,true,53.911000,9,188.432000,"{""bora001"":15,""bora002"":18,""bora003"":15,""bora004"":10}","{""bora001"":0.034827,""bora002"":0.041303,""bora003"":0.054486,""bora004"":0.04986}","[{""rank"":1,""recommended"":true,""feasible"":true,""budget_used"":0,""budget_violation"":0,""makespan"":281.326,""deadline_violation"":0,""machine_signature"":""eb377de0069b0f4e"",""weighted_score"":0,""diversity_score"":3.689655},{""rank"":2,""recommended"":false,""feasible"":true,""budget_used"":0,""budget_violation"":0,""makespan"":281.326,""deadline_violation"":0,""machine_signature"":""1305a1f85fa29565"",""weighted_score"":0,""diversity_score"":3.655172}]"
prism_cc_time,cluster_homo,19,maddid0000018|maddid0000037|mbackgroundid0000015|mbackgroundid0000016|mbackgroundid0000033|mbackgroundid0000053|mbgmodelid0000012|mconcatfitid0000030|mconcatfitid0000049|mdifffitid0000005|mdifffitid0000007|mdifffitid0000008|mdifffitid0000010|mdifffitid0000024|mdifffitid0000025|mdifffitid0000026|mdifffitid0000029|mimgtblid0000017|mimgtblid0000036|mprojectid0000001|mprojectid0000002|mprojectid0000003|mprojectid0000020|mprojectid0000021|mprojectid0000022|mprojectid0000039|mprojectid0000041|mviewerid0000057|mviewerid0000058,0.200000,281.326000,0.000000,0.000000,337.591200,0.000000,0.000000,true,53.911000,9,188.432000,"{""bora001"":15,""bora002"":18,""bora003"":15,""bora004"":10}","{""bora001"":0.034827,""bora002"":0.041303,""bora003"":0.054486,""bora004"":0.04986}","[{""rank"":1,""recommended"":true,""feasible"":true,""budget_used"":0,""budget_violation"":0,""makespan"":281.326,""deadline_violation"":0,""machine_signature"":""eb377de0069b0f4e"",""weighted_score"":1,""diversity_score"":3.689655},{""rank"":2,""recommended"":false,""feasible"":true,""budget_used"":0,""budget_violation"":0,""makespan"":281.326,""deadline_violation"":0,""machine_signature"":""1305a1f85fa29565"",""weighted_score"":1,""diversity_score"":3.655172}]"
heft_colocation,hybrid_hetero,19,maddid0000018|maddid0000037|mbackgroundid0000015|mbackgroundid0000016|mbackgroundid0000033|mbackgroundid0000053|mbgmodelid0000012|mconcatfitid0000030|mconcatfitid0000049|mdifffitid0000005|mdifffitid0000007|mdifffitid0000008|mdifffitid0000010|mdifffitid0000024|mdifffitid0000025|mdifffitid0000026|mdifffitid0000029|mimgtblid0000017|mimgtblid0000036|mprojectid0000001|mprojectid0000002|mprojectid0000003|mprojectid0000020|mprojectid0000021|mprojectid0000022|mprojectid0000039|mprojectid0000041|mviewerid0000057|mviewerid0000058,0.200000,95.016000,0.481780,0.507908,117.111320,0.000000,0.000000,true,65.198000,41,1.664000,"{""bora011"":2,""diablo03"":1,""h3-standard-88-2"":11,""h4d-standard-192-7"":44}","{""bora011"":0.000536,""diablo03"":0.000203,""h3-standard-88-2"":0.003989,""h4d-standard-192-7"":0.02017}",[]
prism_cc_cost,hybrid_hetero,19,maddid0000018|maddid0000037|mbackgroundid0000015|mbackgroundid0000016|mbackgroundid0000033|mbackgroundid0000053|mbgmodelid0000012|mconcatfitid0000030|mconcatfitid0000049|mdifffitid0000005|mdifffitid0000007|mdifffitid0000008|mdifffitid0000010|mdifffitid0000024|mdifffitid0000025|mdifffitid0000026|mdifffitid0000029|mimgtblid0000017|mimgtblid0000036|mprojectid0000001|mprojectid0000002|mprojectid0000003|mprojectid0000020|mprojectid0000021|mprojectid0000022|mprojectid0000039|mprojectid0000041|mviewerid0000057|mviewerid0000058,0.200000,98.798000,0.344168,0.507908,117.111320,0.000000,0.000000,true,65.820000,42,439.324000,"{""bora011"":12,""diablo03"":6,""h3-standard-88-2"":7,""h4d-standard-192-7"":33}","{""bora011"":0.004021,""diablo03"":0.001949,""h3-standard-88-2"":0.003681,""h4d-standard-192-7"":0.019237}","[{""rank"":1,""recommended"":true,""feasible"":true,""budget_used"":0.344168,""budget_violation"":0,""makespan"":98.798,""deadline_violation"":0,""machine_signature"":""32c2cab756495209"",""weighted_score"":0.344168,""diversity_score"":3.431034},{""rank"":2,""recommended"":false,""feasible"":true,""budget_used"":0.394487,""budget_violation"":0,""makespan"":95.016,""deadline_violation"":0,""machine_signature"":""258fafa9903e9658"",""weighted_score"":0.394487,""diversity_score"":3.224138},{""rank"":3,""recommended"":false,""feasible"":true,""budget_used"":0.48178,""budget_violation"":0,""makespan"":95.016,""deadline_violation"":0,""machine_signature"":""efee31f1235eaeea"",""weighted_score"":0.48178,""diversity_score"":3.241379}]"
prism_cc_time,hybrid_hetero,19,maddid0000018|maddid0000037|mbackgroundid0000015|mbackgroundid0000016|mbackgroundid0000033|mbackgroundid0000053|mbgmodelid0000012|mconcatfitid0000030|mconcatfitid0000049|mdifffitid0000005|mdifffitid0000007|mdifffitid0000008|mdifffitid0000010|mdifffitid0000024|mdifffitid0000025|mdifffitid0000026|mdifffitid0000029|mimgtblid0000017|mimgtblid0000036|mprojectid0000001|mprojectid0000002|mprojectid0000003|mprojectid0000020|mprojectid0000021|mprojectid0000022|mprojectid0000039|mprojectid0000041|mviewerid0000057|mviewerid0000058,0.200000,95.016000,0.394487,0.507908,117.111320,0.000000,0.000000,true,65.198000,41,439.324000,"{""bora011"":5,""diablo03"":1,""h3-standard-88-2"":7,""h4d-standard-192-7"":45}","{""bora011"":0.000619,""diablo03"":0.000203,""h3-standard-88-2"":0.003827,""h4d-standard-192-7"":0.020205}","[{""rank"":1,""recommended"":true,""feasible"":true,""budget_used"":0.394487,""budget_violation"":0,""makespan"":95.016,""deadline_violation"":0,""machine_signature"":""258fafa9903e9658"",""weighted_score"":0.96172,""diversity_score"":3.224138},{""rank"":2,""recommended"":false,""feasible"":true,""budget_used"":0.48178,""budget_violation"":0,""makespan"":95.016,""deadline_violation"":0,""machine_signature"":""efee31f1235eaeea"",""weighted_score"":0.96172,""diversity_score"":3.241379},{""rank"":3,""recommended"":false,""feasible"":true,""budget_used"":0.344168,""budget_violation"":0,""makespan"":98.798,""deadline_violation"":0,""machine_signature"":""32c2cab756495209"",""weighted_score"":1,""diversity_score"":3.431034}]"
heft_colocation,hybrid_homo,19,maddid0000018|maddid0000037|mbackgroundid0000015|mbackgroundid0000016|mbackgroundid0000033|mbackgroundid0000053|mbgmodelid0000012|mconcatfitid0000030|mconcatfitid0000049|mdifffitid0000005|mdifffitid0000007|mdifffitid0000008|mdifffitid0000010|mdifffitid0000024|mdifffitid0000025|mdifffitid0000026|mdifffitid0000029|mimgtblid0000017|mimgtblid0000036|mprojectid0000001|mprojectid0000002|mprojectid0000003|mprojectid0000020|mprojectid0000021|mprojectid0000022|mprojectid0000039|mprojectid0000041|mviewerid0000057|mviewerid0000058,0.200000,90.904000,0.601665,0.747528,110.602640,0.000000,0.000000,true,33.068000,20,2.445000,"{""bora009"":2,""bora010"":1,""h4d-standard-192-5"":33,""h4d-standard-192-6"":22}","{""bora009"":0.00056,""bora010"":0.000302,""h4d-standard-192-5"":0.011245,""h4d-standard-192-6"":0.00897}",[]
prism_cc_cost,hybrid_homo,19,maddid0000018|maddid0000037|mbackgroundid0000015|mbackgroundid0000016|mbackgroundid0000033|mbackgroundid0000053|mbgmodelid0000012|mconcatfitid0000030|mconcatfitid0000049|mdifffitid0000005|mdifffitid0000007|mdifffitid0000008|mdifffitid0000010|mdifffitid0000024|mdifffitid0000025|mdifffitid0000026|mdifffitid0000029|mimgtblid0000017|mimgtblid0000036|mprojectid0000001|mprojectid0000002|mprojectid0000003|mprojectid0000020|mprojectid0000021|mprojectid0000022|mprojectid0000039|mprojectid0000041|mviewerid0000057|mviewerid0000058,0.200000,93.441000,0.444589,0.747528,110.602640,0.000000,0.000000,true,33.068000,21,400.958000,"{""bora009"":7,""bora010"":4,""h4d-standard-192-5"":27,""h4d-standard-192-6"":20}","{""bora009"":0.001216,""bora010"":0.001677,""h4d-standard-192-5"":0.010904,""h4d-standard-192-6"":0.008692}","[{""rank"":1,""recommended"":true,""feasible"":true,""budget_used"":0.444589,""budget_violation"":0,""makespan"":93.441,""deadline_violation"":0,""machine_signature"":""c9e135d2d2393e57"",""weighted_score"":0.444589,""diversity_score"":3.534483},{""rank"":2,""recommended"":false,""feasible"":true,""budget_used"":0.454814,""budget_violation"":0,""makespan"":91.133,""deadline_violation"":0,""machine_signature"":""7f6897737be2f0b9"",""weighted_score"":0.454814,""diversity_score"":3.534483},{""rank"":3,""recommended"":false,""feasible"":true,""budget_used"":0.592721,""budget_violation"":0,""makespan"":90.904,""deadline_violation"":0,""machine_signature"":""543da5907c5b8fb7"",""weighted_score"":0.592721,""diversity_score"":3.448276},{""rank"":4,""recommended"":false,""feasible"":true,""budget_used"":0.601665,""budget_violation"":0,""makespan"":90.904,""deadline_violation"":0,""machine_signature"":""491a447f3d7838fa"",""weighted_score"":0.601665,""diversity_score"":3.431034}]"
prism_cc_time,hybrid_homo,19,maddid0000018|maddid0000037|mbackgroundid0000015|mbackgroundid0000016|mbackgroundid0000033|mbackgroundid0000053|mbgmodelid0000012|mconcatfitid0000030|mconcatfitid0000049|mdifffitid0000005|mdifffitid0000007|mdifffitid0000008|mdifffitid0000010|mdifffitid0000024|mdifffitid0000025|mdifffitid0000026|mdifffitid0000029|mimgtblid0000017|mimgtblid0000036|mprojectid0000001|mprojectid0000002|mprojectid0000003|mprojectid0000020|mprojectid0000021|mprojectid0000022|mprojectid0000039|mprojectid0000041|mviewerid0000057|mviewerid0000058,0.200000,90.904000,0.592721,0.747528,110.602640,0.000000,0.000000,true,33.068000,20,400.958000,"{""bora009"":3,""bora010"":1,""h4d-standard-192-5"":32,""h4d-standard-192-6"":22}","{""bora009"":0.000604,""bora010"":0.000302,""h4d-standard-192-5"":0.011243,""h4d-standard-192-6"":0.00897}","[{""rank"":1,""recommended"":true,""feasible"":true,""budget_used"":0.592721,""budget_violation"":0,""makespan"":90.904,""deadline_violation"":0,""machine_signature"":""543da5907c5b8fb7"",""weighted_score"":0.972849,""diversity_score"":3.448276},{""rank"":2,""recommended"":false,""feasible"":true,""budget_used"":0.601665,""budget_violation"":0,""makespan"":90.904,""deadline_violation"":0,""machine_signature"":""491a447f3d7838fa"",""weighted_score"":0.972849,""diversity_score"":3.431034},{""rank"":3,""recommended"":false,""feasible"":true,""budget_used"":0.454814,""budget_violation"":0,""makespan"":91.133,""deadline_violation"":0,""machine_signature"":""7f6897737be2f0b9"",""weighted_score"":0.9753,""diversity_score"":3.534483},{""rank"":4,""recommended"":false,""feasible"":true,""budget_used"":0.444589,""budget_violation"":0,""makespan"":93.441,""deadline_violation"":0,""machine_signature"":""c9e135d2d2393e57"",""weighted_score"":1,""diversity_score"":3.534483}]"
heft_colocation,cloud_hetero,20,maddid0000018|mbackgroundid0000015|mbackgroundid0000016|mbackgroundid0000032|mbackgroundid0000033|mbackgroundid0000053|mbackgroundid0000054|mbgmodelid0000031|mbgmodelid0000050|mconcatfitid0000011|mconcatfitid0000030|mconcatfitid0000049|mdifffitid0000005|mdifffitid0000006|mdifffitid0000010|mdifffitid0000025|mdifffitid0000027|mdifffitid0000044|mdifffitid0000046|mdifffitid0000047|mimgtblid0000055|mprojectid0000001|mprojectid0000004|mprojectid0000020|mprojectid0000021|mprojectid0000039|mprojectid0000040|mprojectid0000042|mviewerid0000057,0.200000,95.081000,0.695757,0.809118,110.678240,0.000000,0.000000,true,36.439000,28,1.958000,"{""h4d-highmem-192-1"":25,""h4d-standard-192-1"":33}","{""h3-standard-88-1"":0,""h3-standard-88-2"":0,""h4d-highmem-192-1"":0.00967,""h4d-standard-192-1"":0.009869}",[]
prism_cc_cost,cloud_hetero,20,maddid0000018|mbackgroundid0000015|mbackgroundid0000016|mbackgroundid0000032|mbackgroundid0000033|mbackgroundid0000053|mbackgroundid0000054|mbgmodelid0000031|mbgmodelid0000050|mconcatfitid0000011|mconcatfitid0000030|mconcatfitid0000049|mdifffitid0000005|mdifffitid0000006|mdifffitid0000010|mdifffitid0000025|mdifffitid0000027|mdifffitid0000044|mdifffitid0000046|mdifffitid0000047|mimgtblid0000055|mprojectid0000001|mprojectid0000004|mprojectid0000020|mprojectid0000021|mprojectid0000039|mprojectid0000040|mprojectid0000042|mviewerid0000057,0.200000,95.955000,0.590548,0.809118,110.678240,0.000000,0.000000,true,36.429000,28,397.248000,"{""h4d-highmem-192-1"":25,""h4d-standard-192-1"":33}","{""h3-standard-88-1"":0,""h3-standard-88-2"":0,""h4d-highmem-192-1"":0.009571,""h4d-standard-192-1"":0.00979}","[{""rank"":1,""recommended"":true,""feasible"":true,""budget_used"":0.590548,""budget_violation"":0,""makespan"":95.955,""deadline_violation"":0,""machine_signature"":""c2a0ea036357a076"",""weighted_score"":0.590548,""diversity_score"":1.431034},{""rank"":2,""recommended"":false,""feasible"":true,""budget_used"":0.621149,""budget_violation"":0,""makespan"":95.456,""deadline_violation"":0,""machine_signature"":""b12dee5fa9c8162f"",""weighted_score"":0.621149,""diversity_score"":1.413793},{""rank"":3,""recommended"":false,""feasible"":true,""budget_used"":0.679379,""budget_violation"":0,""makespan"":95.081,""deadline_violation"":0,""machine_signature"":""901a25fa48455f71"",""weighted_score"":0.679379,""diversity_score"":1.396552},{""rank"":4,""recommended"":false,""feasible"":true,""budget_used"":0.695757,""budget_violation"":0,""makespan"":95.081,""deadline_violation"":0,""machine_signature"":""013336a352a28ee1"",""weighted_score"":0.695757,""diversity_score"":1.431034}]"
prism_cc_time,cloud_hetero,20,maddid0000018|mbackgroundid0000015|mbackgroundid0000016|mbackgroundid0000032|mbackgroundid0000033|mbackgroundid0000053|mbackgroundid0000054|mbgmodelid0000031|mbgmodelid0000050|mconcatfitid0000011|mconcatfitid0000030|mconcatfitid0000049|mdifffitid0000005|mdifffitid0000006|mdifffitid0000010|mdifffitid0000025|mdifffitid0000027|mdifffitid0000044|mdifffitid0000046|mdifffitid0000047|mimgtblid0000055|mprojectid0000001|mprojectid0000004|mprojectid0000020|mprojectid0000021|mprojectid0000039|mprojectid0000040|mprojectid0000042|mviewerid0000057,0.200000,95.081000,0.679379,0.809118,110.678240,0.000000,0.000000,true,36.439000,28,397.248000,"{""h4d-highmem-192-1"":23,""h4d-standard-192-1"":35}","{""h3-standard-88-1"":0,""h3-standard-88-2"":0,""h4d-highmem-192-1"":0.009647,""h4d-standard-192-1"":0.009893}","[{""rank"":1,""recommended"":true,""feasible"":true,""budget_used"":0.679379,""budget_violation"":0,""makespan"":95.081,""deadline_violation"":0,""machine_signature"":""901a25fa48455f71"",""weighted_score"":0.990892,""diversity_score"":1.396552},{""rank"":2,""recommended"":false,""feasible"":true,""budget_used"":0.695757,""budget_violation"":0,""makespan"":95.081,""deadline_violation"":0,""machine_signature"":""013336a352a28ee1"",""weighted_score"":0.990892,""diversity_score"":1.431034},{""rank"":3,""recommended"":false,""feasible"":true,""budget_used"":0.621149,""budget_violation"":0,""makespan"":95.456,""deadline_violation"":0,""machine_signature"":""b12dee5fa9c8162f"",""weighted_score"":0.9948,""diversity_score"":1.413793},{""rank"":4,""recommended"":false,""feasible"":true,""budget_used"":0.590548,""budget_violation"":0,""makespan"":95.955,""deadline_violation"":0,""machine_signature"":""c2a0ea036357a076"",""weighted_score"":1,""diversity_score"":1.431034}]"
heft_colocation,cloud_homo,20,maddid0000018|mbackgroundid0000015|mbackgroundid0000016|mbackgroundid0000032|mbackgroundid0000033|mbackgroundid0000053|mbackgroundid0000054|mbgmodelid0000031|mbgmodelid0000050|mconcatfitid0000011|mconcatfitid0000030|mconcatfitid0000049|mdifffitid0000005|mdifffitid0000006|mdifffitid0000010|mdifffitid0000025|mdifffitid0000027|mdifffitid0000044|mdifffitid0000046|mdifffitid0000047|mimgtblid0000055|mprojectid0000001|mprojectid0000004|mprojectid0000020|mprojectid0000021|mprojectid0000039|mprojectid0000040|mprojectid0000042|mviewerid0000057,0.200000,88.371000,1.113492,1.344726,106.047360,0.000000,0.000000,true,9.130000,8,2.985000,"{""h4d-standard-192-1"":17,""h4d-standard-192-2"":18,""h4d-standard-192-3"":12,""h4d-standard-192-4"":11}","{""h4d-standard-192-1"":0.004527,""h4d-standard-192-2"":0.006607,""h4d-standard-192-3"":0.004034,""h4d-standard-192-4"":0.004246}",[]
prism_cc_cost,cloud_homo,20,maddid0000018|mbackgroundid0000015|mbackgroundid0000016|mbackgroundid0000032|mbackgroundid0000033|mbackgroundid0000053|mbackgroundid0000054|mbgmodelid0000031|mbgmodelid0000050|mconcatfitid0000011|mconcatfitid0000030|mconcatfitid0000049|mdifffitid0000005|mdifffitid0000006|mdifffitid0000010|mdifffitid0000025|mdifffitid0000027|mdifffitid0000044|mdifffitid0000046|mdifffitid0000047|mimgtblid0000055|mprojectid0000001|mprojectid0000004|mprojectid0000020|mprojectid0000021|mprojectid0000039|mprojectid0000040|mprojectid0000042|mviewerid0000057,0.200000,88.485000,1.012834,1.344726,106.047360,0.000000,0.000000,true,9.130000,8,394.160000,"{""h4d-standard-192-1"":16,""h4d-standard-192-2"":17,""h4d-standard-192-3"":10,""h4d-standard-192-4"":15}","{""h4d-standard-192-1"":0.004517,""h4d-standard-192-2"":0.006604,""h4d-standard-192-3"":0.003991,""h4d-standard-192-4"":0.004276}","[{""rank"":1,""recommended"":true,""feasible"":true,""budget_used"":1.012834,""budget_violation"":0,""makespan"":88.485,""deadline_violation"":0,""machine_signature"":""1087fb2fac46cdf6"",""weighted_score"":0.909602,""diversity_score"":3.706897},{""rank"":2,""recommended"":false,""feasible"":true,""budget_used"":1.110144,""budget_violation"":0,""makespan"":88.371,""deadline_violation"":0,""machine_signature"":""50378680d0307264"",""weighted_score"":0.996993,""diversity_score"":3.689655},{""rank"":3,""recommended"":false,""feasible"":true,""budget_used"":1.113492,""budget_violation"":0,""makespan"":88.371,""deadline_violation"":0,""machine_signature"":""841c589394af6622"",""weighted_score"":1,""diversity_score"":3.689655}]"
prism_cc_time,cloud_homo,20,maddid0000018|mbackgroundid0000015|mbackgroundid0000016|mbackgroundid0000032|mbackgroundid0000033|mbackgroundid0000053|mbackgroundid0000054|mbgmodelid0000031|mbgmodelid0000050|mconcatfitid0000011|mconcatfitid0000030|mconcatfitid0000049|mdifffitid0000005|mdifffitid0000006|mdifffitid0000010|mdifffitid0000025|mdifffitid0000027|mdifffitid0000044|mdifffitid0000046|mdifffitid0000047|mimgtblid0000055|mprojectid0000001|mprojectid0000004|mprojectid0000020|mprojectid0000021|mprojectid0000039|mprojectid0000040|mprojectid0000042|mviewerid0000057,0.200000,88.371000,1.110144,1.344726,106.047360,0.000000,0.000000,true,9.130000,8,394.160000,"{""h4d-standard-192-1"":16,""h4d-standard-192-2"":18,""h4d-standard-192-3"":12,""h4d-standard-192-4"":12}","{""h4d-standard-192-1"":0.004526,""h4d-standard-192-2"":0.006607,""h4d-standard-192-3"":0.004034,""h4d-standard-192-4"":0.004247}","[{""rank"":1,""recommended"":true,""feasible"":true,""budget_used"":1.110144,""budget_violation"":0,""makespan"":88.371,""deadline_violation"":0,""machine_signature"":""50378680d0307264"",""weighted_score"":0.998712,""diversity_score"":3.689655},{""rank"":2,""recommended"":false,""feasible"":true,""budget_used"":1.113492,""budget_violation"":0,""makespan"":88.371,""deadline_violation"":0,""machine_signature"":""841c589394af6622"",""weighted_score"":0.998712,""diversity_score"":3.689655},{""rank"":3,""recommended"":false,""feasible"":true,""budget_used"":1.012834,""budget_violation"":0,""makespan"":88.485,""deadline_violation"":0,""machine_signature"":""1087fb2fac46cdf6"",""weighted_score"":1,""diversity_score"":3.706897}]"
heft_colocation,cluster_hetero,20,maddid0000018|mbackgroundid0000015|mbackgroundid0000016|mbackgroundid0000032|mbackgroundid0000033|mbackgroundid0000053|mbackgroundid0000054|mbgmodelid0000031|mbgmodelid0000050|mconcatfitid0000011|mconcatfitid0000030|mconcatfitid0000049|mdifffitid0000005|mdifffitid0000006|mdifffitid0000010|mdifffitid0000025|mdifffitid0000027|mdifffitid0000044|mdifffitid0000046|mdifffitid0000047|mimgtblid0000055|mprojectid0000001|mprojectid0000004|mprojectid0000020|mprojectid0000021|mprojectid0000039|mprojectid0000040|mprojectid0000042|mviewerid0000057,0.200000,304.107000,0.000000,0.000000,346.902440,0.000000,0.000000,true,110.642000,13,1.603000,"{""bora005"":20,""bora006"":23,""diablo01"":9,""diablo02"":6}","{""bora005"":0.061347,""bora006"":0.091298,""diablo01"":0.008458,""diablo02"":0.005228}",[]
prism_cc_cost,cluster_hetero,20,maddid0000018|mbackgroundid0000015|mbackgroundid0000016|mbackgroundid0000032|mbackgroundid0000033|mbackgroundid0000053|mbackgroundid0000054|mbgmodelid0000031|mbgmodelid0000050|mconcatfitid0000011|mconcatfitid0000030|mconcatfitid0000049|mdifffitid0000005|mdifffitid0000006|mdifffitid0000010|mdifffitid0000025|mdifffitid0000027|mdifffitid0000044|mdifffitid0000046|mdifffitid0000047|mimgtblid0000055|mprojectid0000001|mprojectid0000004|mprojectid0000020|mprojectid0000021|mprojectid0000039|mprojectid0000040|mprojectid0000042|mviewerid0000057,0.200000,304.107000,0.000000,0.000000,346.902440,0.000000,0.000000,true,110.642000,13,189.114000,"{""bora005"":20,""bora006"":23,""diablo01"":9,""diablo02"":6}","{""bora005"":0.061347,""bora006"":0.091298,""diablo01"":0.008458,""diablo02"":0.005228}","[{""rank"":1,""recommended"":true,""feasible"":true,""budget_used"":0,""budget_violation"":0,""makespan"":304.107,""deadline_violation"":0,""machine_signature"":""8d324bdb13fcbef7"",""weighted_score"":0,""diversity_score"":3.603448}]"
prism_cc_time,cluster_hetero,20,maddid0000018|mbackgroundid0000015|mbackgroundid0000016|mbackgroundid0000032|mbackgroundid0000033|mbackgroundid0000053|mbackgroundid0000054|mbgmodelid0000031|mbgmodelid0000050|mconcatfitid0000011|mconcatfitid0000030|mconcatfitid0000049|mdifffitid0000005|mdifffitid0000006|mdifffitid0000010|mdifffitid0000025|mdifffitid0000027|mdifffitid0000044|mdifffitid0000046|mdifffitid0000047|mimgtblid0000055|mprojectid0000001|mprojectid0000004|mprojectid0000020|mprojectid0000021|mprojectid0000039|mprojectid0000040|mprojectid0000042|mviewerid0000057,0.200000,304.107000,0.000000,0.000000,346.902440,0.000000,0.000000,true,110.642000,13,189.114000,"{""bora005"":20,""bora006"":23,""diablo01"":9,""diablo02"":6}","{""bora005"":0.061347,""bora006"":0.091298,""diablo01"":0.008458,""diablo02"":0.005228}","[{""rank"":1,""recommended"":true,""feasible"":true,""budget_used"":0,""budget_violation"":0,""makespan"":304.107,""deadline_violation"":0,""machine_signature"":""8d324bdb13fcbef7"",""weighted_score"":1,""diversity_score"":3.603448}]"
heft_colocation,cluster_homo,20,maddid0000018|mbackgroundid0000015|mbackgroundid0000016|mbackgroundid0000032|mbackgroundid0000033|mbackgroundid0000053|mbackgroundid0000054|mbgmodelid0000031|mbgmodelid0000050|mconcatfitid0000011|mconcatfitid0000030|mconcatfitid0000049|mdifffitid0000005|mdifffitid0000006|mdifffitid0000010|mdifffitid0000025|mdifffitid0000027|mdifffitid0000044|mdifffitid0000046|mdifffitid0000047|mimgtblid0000055|mprojectid0000001|mprojectid0000004|mprojectid0000020|mprojectid0000021|mprojectid0000039|mprojectid0000040|mprojectid0000042|mviewerid0000057,0.200000,281.326000,0.000000,0.000000,337.591200,0.000000,0.000000,true,52.190000,13,0.780000,"{""bora001"":15,""bora002"":18,""bora003"":14,""bora004"":11}","{""bora001"":0.041802,""bora002"":0.061382,""bora003"":0.037821,""bora004"":0.0393}",[]
prism_cc_cost,cluster_homo,20,maddid0000018|mbackgroundid0000015|mbackgroundid0000016|mbackgroundid0000032|mbackgroundid0000033|mbackgroundid0000053|mbackgroundid0000054|mbgmodelid0000031|mbgmodelid0000050|mconcatfitid0000011|mconcatfitid0000030|mconcatfitid0000049|mdifffitid0000005|mdifffitid0000006|mdifffitid0000010|mdifffitid0000025|mdifffitid0000027|mdifffitid0000044|mdifffitid0000046|mdifffitid0000047|mimgtblid0000055|mprojectid0000001|mprojectid0000004|mprojectid0000020|mprojectid0000021|mprojectid0000039|mprojectid0000040|mprojectid0000042|mviewerid0000057,0.200000,281.326000,0.000000,0.000000,337.591200,0.000000,0.000000,true,52.190000,13,184.895000,"{""bora001"":15,""bora002"":18,""bora003"":14,""bora004"":11}","{""bora001"":0.041802,""bora002"":0.061382,""bora003"":0.037821,""bora004"":0.0393}","[{""rank"":1,""recommended"":true,""feasible"":true,""budget_used"":0,""budget_violation"":0,""makespan"":281.326,""deadline_violation"":0,""machine_signature"":""dc83be122c5d9076"",""weighted_score"":0,""diversity_score"":3.689655},{""rank"":2,""recommended"":false,""feasible"":true,""budget_used"":0,""budget_violation"":0,""makespan"":281.832,""deadline_violation"":0,""machine_signature"":""fb96270dac92d62e"",""weighted_score"":0,""diversity_score"":3.706897}]"
prism_cc_time,cluster_homo,20,maddid0000018|mbackgroundid0000015|mbackgroundid0000016|mbackgroundid0000032|mbackgroundid0000033|mbackgroundid0000053|mbackgroundid0000054|mbgmodelid0000031|mbgmodelid0000050|mconcatfitid0000011|mconcatfitid0000030|mconcatfitid0000049|mdifffitid0000005|mdifffitid0000006|mdifffitid0000010|mdifffitid0000025|mdifffitid0000027|mdifffitid0000044|mdifffitid0000046|mdifffitid0000047|mimgtblid0000055|mprojectid0000001|mprojectid0000004|mprojectid0000020|mprojectid0000021|mprojectid0000039|mprojectid0000040|mprojectid0000042|mviewerid0000057,0.200000,281.326000,0.000000,0.000000,337.591200,0.000000,0.000000,true,52.190000,13,184.895000,"{""bora001"":15,""bora002"":18,""bora003"":14,""bora004"":11}","{""bora001"":0.041802,""bora002"":0.061382,""bora003"":0.037821,""bora004"":0.0393}","[{""rank"":1,""recommended"":true,""feasible"":true,""budget_used"":0,""budget_violation"":0,""makespan"":281.326,""deadline_violation"":0,""machine_signature"":""dc83be122c5d9076"",""weighted_score"":0.998205,""diversity_score"":3.689655},{""rank"":2,""recommended"":false,""feasible"":true,""budget_used"":0,""budget_violation"":0,""makespan"":281.832,""deadline_violation"":0,""machine_signature"":""fb96270dac92d62e"",""weighted_score"":1,""diversity_score"":3.706897}]"
heft_colocation,hybrid_hetero,20,maddid0000018|mbackgroundid0000015|mbackgroundid0000016|mbackgroundid0000032|mbackgroundid0000033|mbackgroundid0000053|mbackgroundid0000054|mbgmodelid0000031|mbgmodelid0000050|mconcatfitid0000011|mconcatfitid0000030|mconcatfitid0000049|mdifffitid0000005|mdifffitid0000006|mdifffitid0000010|mdifffitid0000025|mdifffitid0000027|mdifffitid0000044|mdifffitid0000046|mdifffitid0000047|mimgtblid0000055|mprojectid0000001|mprojectid0000004|mprojectid0000020|mprojectid0000021|mprojectid0000039|mprojectid0000040|mprojectid0000042|mviewerid0000057,0.200000,111.041000,0.538654,0.507908,117.111320,0.030700,0.000000,false,75.343000,40,1.430000,"{""bora011"":2,""diablo03"":1,""h3-standard-88-2"":11,""h4d-standard-192-7"":44}","{""bora011"":0.000459,""diablo03"":0.000173,""h3-standard-88-2"":0.003451,""h4d-standard-192-7"":0.017718}",[]
prism_cc_cost,hybrid_hetero,20,maddid0000018|mbackgroundid0000015|mbackgroundid0000016|mbackgroundid0000032|mbackgroundid0000033|mbackgroundid0000053|mbackgroundid0000054|mbgmodelid0000031|mbgmodelid0000050|mconcatfitid0000011|mconcatfitid0000030|mconcatfitid0000049|mdifffitid0000005|mdifffitid0000006|mdifffitid0000010|mdifffitid0000025|mdifffitid0000027|mdifffitid0000044|mdifffitid0000046|mdifffitid0000047|mimgtblid0000055|mprojectid0000001|mprojectid0000004|mprojectid0000020|mprojectid0000021|mprojectid0000039|mprojectid0000040|mprojectid0000042|mviewerid0000057,0.200000,112.728000,0.348581,0.507908,117.111320,0.000000,0.000000,true,74.847000,35,304.151000,"{""bora011"":10,""diablo03"":3,""h3-standard-88-2"":3,""h4d-standard-192-7"":42}","{""bora011"":0.002329,""diablo03"":0.000659,""h3-standard-88-2"":0.002982,""h4d-standard-192-7"":0.017442}","[{""rank"":1,""recommended"":true,""feasible"":true,""budget_used"":0.348581,""budget_violation"":0,""makespan"":112.728,""deadline_violation"":0,""machine_signature"":""21274f6ed450a2a1"",""weighted_score"":0.348581,""diversity_score"":3.275862},{""rank"":2,""recommended"":false,""feasible"":true,""budget_used"":0.366795,""budget_violation"":0,""makespan"":111.067,""deadline_violation"":0,""machine_signature"":""203b3c70cdc7a263"",""weighted_score"":0.366795,""diversity_score"":3.241379},{""rank"":3,""recommended"":false,""feasible"":true,""budget_used"":0.496325,""budget_violation"":0,""makespan"":111.041,""deadline_violation"":0,""machine_signature"":""85ed5b1b5ead0428"",""weighted_score"":0.496325,""diversity_score"":3.241379},{""rank"":4,""recommended"":false,""feasible"":false,""budget_used"":0.538654,""budget_violation"":0.0307,""makespan"":111.041,""deadline_violation"":0,""machine_signature"":""6f71e9e43b7d2de7"",""weighted_score"":0.538654,""diversity_score"":3.241379}]"
prism_cc_time,hybrid_hetero,20,maddid0000018|mbackgroundid0000015|mbackgroundid0000016|mbackgroundid0000032|mbackgroundid0000033|mbackgroundid0000053|mbackgroundid0000054|mbgmodelid0000031|mbgmodelid0000050|mconcatfitid0000011|mconcatfitid0000030|mconcatfitid0000049|mdifffitid0000005|mdifffitid0000006|mdifffitid0000010|mdifffitid0000025|mdifffitid0000027|mdifffitid0000044|mdifffitid0000046|mdifffitid0000047|mimgtblid0000055|mprojectid0000001|mprojectid0000004|mprojectid0000020|mprojectid0000021|mprojectid0000039|mprojectid0000040|mprojectid0000042|mviewerid0000057,0.200000,111.041000,0.496325,0.507908,117.111320,0.000000,0.000000,true,75.343000,40,304.151000,"{""bora011"":3,""diablo03"":1,""h3-standard-88-2"":10,""h4d-standard-192-7"":44}","{""bora011"":0.000494,""diablo03"":0.000173,""h3-standard-88-2"":0.003446,""h4d-standard-192-7"":0.017718}","[{""rank"":1,""recommended"":true,""feasible"":true,""budget_used"":0.496325,""budget_violation"":0,""makespan"":111.041,""deadline_violation"":0,""machine_signature"":""85ed5b1b5ead0428"",""weighted_score"":0.985035,""diversity_score"":3.241379},{""rank"":2,""recommended"":false,""feasible"":true,""budget_used"":0.366795,""budget_violation"":0,""makespan"":111.067,""deadline_violation"":0,""machine_signature"":""203b3c70cdc7a263"",""weighted_score"":0.985265,""diversity_score"":3.241379},{""rank"":3,""recommended"":false,""feasible"":true,""budget_used"":0.348581,""budget_violation"":0,""makespan"":112.728,""deadline_violation"":0,""machine_signature"":""21274f6ed450a2a1"",""weighted_score"":1,""diversity_score"":3.275862},{""rank"":4,""recommended"":false,""feasible"":false,""budget_used"":0.538654,""budget_violation"":0.0307,""makespan"":111.041,""deadline_violation"":0,""machine_signature"":""6f71e9e43b7d2de7"",""weighted_score"":0.985035,""diversity_score"":3.241379}]"
heft_colocation,hybrid_homo,20,maddid0000018|mbackgroundid0000015|mbackgroundid0000016|mbackgroundid0000032|mbackgroundid0000033|mbackgroundid0000053|mbackgroundid0000054|mbgmodelid0000031|mbgmodelid0000050|mconcatfitid0000011|mconcatfitid0000030|mconcatfitid0000049|mdifffitid0000005|mdifffitid0000006|mdifffitid0000010|mdifffitid0000025|mdifffitid0000027|mdifffitid0000044|mdifffitid0000046|mdifffitid0000047|mimgtblid0000055|mprojectid0000001|mprojectid0000004|mprojectid0000020|mprojectid0000021|mprojectid0000039|mprojectid0000040|mprojectid0000042|mviewerid0000057,0.200000,95.004000,0.645519,0.747528,110.602640,0.000000,0.000000,true,36.532000,28,1.846000,"{""bora009"":2,""bora010"":1,""h4d-standard-192-5"":31,""h4d-standard-192-6"":24}","{""bora009"":0.000536,""bora010"":0.000289,""h4d-standard-192-5"":0.009871,""h4d-standard-192-6"":0.009662}",[]
prism_cc_cost,hybrid_homo,20,maddid0000018|mbackgroundid0000015|mbackgroundid0000016|mbackgroundid0000032|mbackgroundid0000033|mbackgroundid0000053|mbackgroundid0000054|mbgmodelid0000031|mbgmodelid0000050|mconcatfitid0000011|mconcatfitid0000030|mconcatfitid0000049|mdifffitid0000005|mdifffitid0000006|mdifffitid0000010|mdifffitid0000025|mdifffitid0000027|mdifffitid0000044|mdifffitid0000046|mdifffitid0000047|mimgtblid0000055|mprojectid0000001|mprojectid0000004|mprojectid0000020|mprojectid0000021|mprojectid0000039|mprojectid0000040|mprojectid0000042|mviewerid0000057,0.200000,97.689000,0.471538,0.747528,110.602640,0.000000,0.000000,true,36.057000,23,364.451000,"{""bora009"":8,""bora010"":4,""h4d-standard-192-5"":22,""h4d-standard-192-6"":24}","{""bora009"":0.001243,""bora010"":0.002005,""h4d-standard-192-5"":0.00946,""h4d-standard-192-6"":0.009427}","[{""rank"":1,""recommended"":true,""feasible"":true,""budget_used"":0.471538,""budget_violation"":0,""makespan"":97.689,""deadline_violation"":0,""machine_signature"":""5009ee96daf5840e"",""weighted_score"":0.471538,""diversity_score"":3.586207},{""rank"":2,""recommended"":false,""feasible"":true,""budget_used"":0.472449,""budget_violation"":0,""makespan"":97.434,""deadline_violation"":0,""machine_signature"":""b0424d8ac305fa08"",""weighted_score"":0.472449,""diversity_score"":3.568966},{""rank"":3,""recommended"":false,""feasible"":true,""budget_used"":0.482654,""budget_violation"":0,""makespan"":96.226,""deadline_violation"":0,""machine_signature"":""a62120a8e94c94aa"",""weighted_score"":0.482654,""diversity_score"":3.551724},{""rank"":4,""recommended"":false,""feasible"":true,""budget_used"":0.62155,""budget_violation"":0,""makespan"":95.004,""deadline_violation"":0,""machine_signature"":""b1196e617ba5e801"",""weighted_score"":0.62155,""diversity_score"":3.465517},{""rank"":5,""recommended"":false,""feasible"":true,""budget_used"":0.645519,""budget_violation"":0,""makespan"":95.004,""deadline_violation"":0,""machine_signature"":""31e1fe1eaa04cd4a"",""weighted_score"":0.645519,""diversity_score"":3.465517}]"
prism_cc_time,hybrid_homo,20,maddid0000018|mbackgroundid0000015|mbackgroundid0000016|mbackgroundid0000032|mbackgroundid0000033|mbackgroundid0000053|mbackgroundid0000054|mbgmodelid0000031|mbgmodelid0000050|mconcatfitid0000011|mconcatfitid0000030|mconcatfitid0000049|mdifffitid0000005|mdifffitid0000006|mdifffitid0000010|mdifffitid0000025|mdifffitid0000027|mdifffitid0000044|mdifffitid0000046|mdifffitid0000047|mimgtblid0000055|mprojectid0000001|mprojectid0000004|mprojectid0000020|mprojectid0000021|mprojectid0000039|mprojectid0000040|mprojectid0000042|mviewerid0000057,0.200000,95.004000,0.621550,0.747528,110.602640,0.000000,0.000000,true,36.531000,28,364.451000,"{""bora009"":2,""bora010"":2,""h4d-standard-192-5"":31,""h4d-standard-192-6"":23}","{""bora009"":0.000536,""bora010"":0.000618,""h4d-standard-192-5"":0.009867,""h4d-standard-192-6"":0.009655}","[{""rank"":1,""recommended"":true,""feasible"":true,""budget_used"":0.62155,""budget_violation"":0,""makespan"":95.004,""deadline_violation"":0,""machine_signature"":""b1196e617ba5e801"",""weighted_score"":0.972515,""diversity_score"":3.465517},{""rank"":2,""recommended"":false,""feasible"":true,""budget_used"":0.645519,""budget_violation"":0,""makespan"":95.004,""deadline_violation"":0,""machine_signature"":""31e1fe1eaa04cd4a"",""weighted_score"":0.972515,""diversity_score"":3.465517},{""rank"":3,""recommended"":false,""feasible"":true,""budget_used"":0.482654,""budget_violation"":0,""makespan"":96.226,""deadline_violation"":0,""machine_signature"":""a62120a8e94c94aa"",""weighted_score"":0.985024,""diversity_score"":3.551724},{""rank"":4,""recommended"":false,""feasible"":true,""budget_used"":0.472449,""budget_violation"":0,""makespan"":97.434,""deadline_violation"":0,""machine_signature"":""b0424d8ac305fa08"",""weighted_score"":0.99739,""diversity_score"":3.568966},{""rank"":5,""recommended"":false,""feasible"":true,""budget_used"":0.471538,""budget_violation"":0,""makespan"":97.689,""deadline_violation"":0,""machine_signature"":""5009ee96daf5840e"",""weighted_score"":1,""diversity_score"":3.586207}]"
heft_colocation,cloud_hetero,21,maddid0000018|maddid0000037|maddid0000056|mbackgroundid0000014|mbackgroundid0000015|mbackgroundid0000034|mbackgroundid0000035|mbackgroundid0000053|mbgmodelid0000050|mconcatfitid0000011|mconcatfitid0000049|mdifffitid0000005|mdifffitid0000006|mdifffitid0000008|mdifffitid0000010|mdifffitid0000024|mdifffitid0000025|mdifffitid0000028|mdifffitid0000043|mdifffitid0000045|mdifffitid0000046|mprojectid0000002|mprojectid0000020|mprojectid0000023|mprojectid0000039|mprojectid0000040|mprojectid0000042|mviewerid0000038|mviewerid0000058,0.200000,94.304000,0.704047,0.809118,110.678240,0.000000,0.000000,true,24.288000,19,1.852000,"{""h4d-highmem-192-1"":26,""h4d-standard-192-1"":32}","{""h3-standard-88-1"":0,""h3-standard-88-2"":0,""h4d-highmem-192-1"":0.01102,""h4d-standard-192-1"":0.008009}",[]
prism_cc_cost,cloud_hetero,21,maddid0000018|maddid0000037|maddid0000056|mbackgroundid0000014|mbackgroundid0000015|mbackgroundid0000034|mbackgroundid0000035|mbackgroundid0000053|mbgmodelid0000050|mconcatfitid0000011|mconcatfitid0000049|mdifffitid0000005|mdifffitid0000006|mdifffitid0000008|mdifffitid0000010|mdifffitid0000024|mdifffitid0000025|mdifffitid0000028|mdifffitid0000043|mdifffitid0000045|mdifffitid0000046|mprojectid0000002|mprojectid0000020|mprojectid0000023|mprojectid0000039|mprojectid0000040|mprojectid0000042|mviewerid0000038|mviewerid0000058,0.200000,106.738000,0.232858,0.809118,110.678240,0.000000,0.000000,true,64.908000,45,382.441000,"{""h4d-standard-192-1"":58}","{""h3-standard-88-1"":0,""h3-standard-88-2"":0,""h4d-highmem-192-1"":0,""h4d-standard-192-1"":0.018795}","[{""rank"":1,""recommended"":true,""feasible"":true,""budget_used"":0.232858,""budget_violation"":0,""makespan"":106.738,""deadline_violation"":0,""machine_signature"":""ce38da69c7c57a5e"",""weighted_score"":0.232858,""diversity_score"":0},{""rank"":2,""recommended"":false,""feasible"":true,""budget_used"":0.646987,""budget_violation"":0,""makespan"":94.316,""deadline_violation"":0,""machine_signature"":""950a96085061d702"",""weighted_score"":0.646987,""diversity_score"":1.465517},{""rank"":3,""recommended"":false,""feasible"":true,""budget_used"":0.704047,""budget_violation"":0,""makespan"":94.304,""deadline_violation"":0,""machine_signature"":""cf2b4aa912be1dda"",""weighted_score"":0.704047,""diversity_score"":1.448276}]"
prism_cc_time,cloud_hetero,21,maddid0000018|maddid0000037|maddid0000056|mbackgroundid0000014|mbackgroundid0000015|mbackgroundid0000034|mbackgroundid0000035|mbackgroundid0000053|mbgmodelid0000050|mconcatfitid0000011|mconcatfitid0000049|mdifffitid0000005|mdifffitid0000006|mdifffitid0000008|mdifffitid0000010|mdifffitid0000024|mdifffitid0000025|mdifffitid0000028|mdifffitid0000043|mdifffitid0000045|mdifffitid0000046|mprojectid0000002|mprojectid0000020|mprojectid0000023|mprojectid0000039|mprojectid0000040|mprojectid0000042|mviewerid0000038|mviewerid0000058,0.200000,94.304000,0.704047,0.809118,110.678240,0.000000,0.000000,true,24.288000,19,382.441000,"{""h4d-highmem-192-1"":26,""h4d-standard-192-1"":32}","{""h3-standard-88-1"":0,""h3-standard-88-2"":0,""h4d-highmem-192-1"":0.01102,""h4d-standard-192-1"":0.008009}","[{""rank"":1,""recommended"":true,""feasible"":true,""budget_used"":0.704047,""budget_violation"":0,""makespan"":94.304,""deadline_violation"":0,""machine_signature"":""cf2b4aa912be1dda"",""weighted_score"":0.883509,""diversity_score"":1.448276},{""rank"":2,""recommended"":false,""feasible"":true,""budget_used"":0.646987,""budget_violation"":0,""makespan"":94.316,""deadline_violation"":0,""machine_signature"":""950a96085061d702"",""weighted_score"":0.883622,""diversity_score"":1.465517},{""rank"":3,""recommended"":false,""feasible"":true,""budget_used"":0.232858,""budget_violation"":0,""makespan"":106.738,""deadline_violation"":0,""machine_signature"":""ce38da69c7c57a5e"",""weighted_score"":1,""diversity_score"":0}]"
heft_colocation,cloud_homo,21,maddid0000018|maddid0000037|maddid0000056|mbackgroundid0000014|mbackgroundid0000015|mbackgroundid0000034|mbackgroundid0000035|mbackgroundid0000053|mbgmodelid0000050|mconcatfitid0000011|mconcatfitid0000049|mdifffitid0000005|mdifffitid0000006|mdifffitid0000008|mdifffitid0000010|mdifffitid0000024|mdifffitid0000025|mdifffitid0000028|mdifffitid0000043|mdifffitid0000045|mdifffitid0000046|mprojectid0000002|mprojectid0000020|mprojectid0000023|mprojectid0000039|mprojectid0000040|mprojectid0000042|mviewerid0000038|mviewerid0000058,0.200000,88.371000,1.120385,1.344726,106.047360,0.000000,0.000000,true,5.418000,9,3.334000,"{""h4d-standard-192-1"":19,""h4d-standard-192-2"":11,""h4d-standard-192-3"":17,""h4d-standard-192-4"":11}","{""h4d-standard-192-1"":0.006854,""h4d-standard-192-2"":0.004312,""h4d-standard-192-3"":0.004413,""h4d-standard-192-4"":0.003615}",[]
prism_cc_cost,cloud_homo,21,maddid0000018|maddid0000037|maddid0000056|mbackgroundid0000014|mbackgroundid0000015|mbackgroundid0000034|mbackgroundid0000035|mbackgroundid0000053|mbgmodelid0000050|mconcatfitid0000011|mconcatfitid0000049|mdifffitid0000005|mdifffitid0000006|mdifffitid0000008|mdifffitid0000010|mdifffitid0000024|mdifffitid0000025|mdifffitid0000028|mdifffitid0000043|mdifffitid0000045|mdifffitid0000046|mprojectid0000002|mprojectid0000020|mprojectid0000023|mprojectid0000039|mprojectid0000040|mprojectid0000042|mviewerid0000038|mviewerid0000058,0.200000,105.193000,0.229485,1.344726,106.047360,0.000000,0.000000,true,64.767000,42,461.396000,"{""h4d-standard-192-1"":58}","{""h4d-standard-192-1"":0.019064,""h4d-standard-192-2"":0,""h4d-standard-192-3"":0,""h4d-standard-192-4"":0}","[{""rank"":1,""recommended"":true,""feasible"":true,""budget_used"":0.229485,""budget_violation"":0,""makespan"":105.193,""deadline_violation"":0,""machine_signature"":""a1a2cf6fb711eaef"",""weighted_score"":0.204827,""diversity_score"":0},{""rank"":2,""recommended"":false,""feasible"":true,""budget_used"":1.039026,""budget_violation"":0,""makespan"":88.485,""deadline_violation"":0,""machine_signature"":""7222768531a68c7b"",""weighted_score"":0.927383,""diversity_score"":3.672414},{""rank"":3,""recommended"":false,""feasible"":true,""budget_used"":1.117035,""budget_violation"":0,""makespan"":88.371,""deadline_violation"":0,""machine_signature"":""5069265f1b80d40e"",""weighted_score"":0.99701,""diversity_score"":3.689655},{""rank"":4,""recommended"":false,""feasible"":true,""budget_used"":1.120385,""budget_violation"":0,""makespan"":88.371,""deadline_violation"":0,""machine_signature"":""e74702baa6ac2389"",""weighted_score"":1,""diversity_score"":3.672414}]"
prism_cc_time,cloud_homo,21,maddid0000018|maddid0000037|maddid0000056|mbackgroundid0000014|mbackgroundid0000015|mbackgroundid0000034|mbackgroundid0000035|mbackgroundid0000053|mbgmodelid0000050|mconcatfitid0000011|mconcatfitid0000049|mdifffitid0000005|mdifffitid0000006|mdifffitid0000008|mdifffitid0000010|mdifffitid0000024|mdifffitid0000025|mdifffitid0000028|mdifffitid0000043|mdifffitid0000045|mdifffitid0000046|mprojectid0000002|mprojectid0000020|mprojectid0000023|mprojectid0000039|mprojectid0000040|mprojectid0000042|mviewerid0000038|mviewerid0000058,0.200000,88.371000,1.117035,1.344726,106.047360,0.000000,0.000000,true,5.418000,9,461.396000,"{""h4d-standard-192-1"":18,""h4d-standard-192-2"":11,""h4d-standard-192-3"":17,""h4d-standard-192-4"":12}","{""h4d-standard-192-1"":0.006852,""h4d-standard-192-2"":0.004312,""h4d-standard-192-3"":0.004413,""h4d-standard-192-4"":0.003617}","[{""rank"":1,""recommended"":true,""feasible"":true,""budget_used"":1.117035,""budget_violation"":0,""makespan"":88.371,""deadline_violation"":0,""machine_signature"":""5069265f1b80d40e"",""weighted_score"":0.840084,""diversity_score"":3.689655},{""rank"":2,""recommended"":false,""feasible"":true,""budget_used"":1.120385,""budget_violation"":0,""makespan"":88.371,""deadline_violation"":0,""machine_signature"":""e74702baa6ac2389"",""weighted_score"":0.840084,""diversity_score"":3.672414},{""rank"":3,""recommended"":false,""feasible"":true,""budget_used"":1.039026,""budget_violation"":0,""makespan"":88.485,""deadline_violation"":0,""machine_signature"":""7222768531a68c7b"",""weighted_score"":0.841168,""diversity_score"":3.672414},{""rank"":4,""recommended"":false,""feasible"":true,""budget_used"":0.229485,""budget_violation"":0,""makespan"":105.193,""deadline_violation"":0,""machine_signature"":""a1a2cf6fb711eaef"",""weighted_score"":1,""diversity_score"":0}]"
heft_colocation,cluster_hetero,21,maddid0000018|maddid0000037|maddid0000056|mbackgroundid0000014|mbackgroundid0000015|mbackgroundid0000034|mbackgroundid0000035|mbackgroundid0000053|mbgmodelid0000050|mconcatfitid0000011|mconcatfitid0000049|mdifffitid0000005|mdifffitid0000006|mdifffitid0000008|mdifffitid0000010|mdifffitid0000024|mdifffitid0000025|mdifffitid0000028|mdifffitid0000043|mdifffitid0000045|mdifffitid0000046|mprojectid0000002|mprojectid0000020|mprojectid0000023|mprojectid0000039|mprojectid0000040|mprojectid0000042|mviewerid0000038|mviewerid0000058,0.200000,302.525000,0.000000,0.000000,346.902440,0.000000,0.000000,true,76.313000,4,0.984000,"{""bora005"":21,""bora006"":22,""diablo01"":6,""diablo02"":9}","{""bora005"":0.084145,""bora006"":0.071495,""diablo01"":0.005474,""diablo02"":0.004528}",[]
prism_cc_cost,cluster_hetero,21,maddid0000018|maddid0000037|maddid0000056|mbackgroundid0000014|mbackgroundid0000015|mbackgroundid0000034|mbackgroundid0000035|mbackgroundid0000053|mbgmodelid0000050|mconcatfitid0000011|mconcatfitid0000049|mdifffitid0000005|mdifffitid0000006|mdifffitid0000008|mdifffitid0000010|mdifffitid0000024|mdifffitid0000025|mdifffitid0000028|mdifffitid0000043|mdifffitid0000045|mdifffitid0000046|mprojectid0000002|mprojectid0000020|mprojectid0000023|mprojectid0000039|mprojectid0000040|mprojectid0000042|mviewerid0000038|mviewerid0000058,0.200000,302.525000,0.000000,0.000000,346.902440,0.000000,0.000000,true,76.313000,4,202.012000,"{""bora005"":21,""bora006"":22,""diablo01"":6,""diablo02"":9}","{""bora005"":0.084145,""bora006"":0.071495,""diablo01"":0.005474,""diablo02"":0.004528}","[{""rank"":1,""recommended"":true,""feasible"":true,""budget_used"":0,""budget_violation"":0,""makespan"":302.525,""deadline_violation"":0,""machine_signature"":""2503df0f0f862565"",""weighted_score"":0,""diversity_score"":3.62069},{""rank"":2,""recommended"":false,""feasible"":true,""budget_used"":0,""budget_violation"":0,""makespan"":302.525,""deadline_violation"":0,""machine_signature"":""84c202fec823b7d0"",""weighted_score"":0,""diversity_score"":3.62069},{""rank"":3,""recommended"":false,""feasible"":true,""budget_used"":0,""budget_violation"":0,""makespan"":303.061,""deadline_violation"":0,""machine_signature"":""7f3917fd10d4b78d"",""weighted_score"":0,""diversity_score"":3.603448}]"
prism_cc_time,cluster_hetero,21,maddid0000018|maddid0000037|maddid0000056|mbackgroundid0000014|mbackgroundid0000015|mbackgroundid0000034|mbackgroundid0000035|mbackgroundid0000053|mbgmodelid0000050|mconcatfitid0000011|mconcatfitid0000049|mdifffitid0000005|mdifffitid0000006|mdifffitid0000008|mdifffitid0000010|mdifffitid0000024|mdifffitid0000025|mdifffitid0000028|mdifffitid0000043|mdifffitid0000045|mdifffitid0000046|mprojectid0000002|mprojectid0000020|mprojectid0000023|mprojectid0000039|mprojectid0000040|mprojectid0000042|mviewerid0000038|mviewerid0000058,0.200000,302.525000,0.000000,0.000000,346.902440,0.000000,0.000000,true,76.313000,4,202.012000,"{""bora005"":21,""bora006"":22,""diablo01"":6,""diablo02"":9}","{""bora005"":0.084145,""bora006"":0.071495,""diablo01"":0.005474,""diablo02"":0.004528}","[{""rank"":1,""recommended"":true,""feasible"":true,""budget_used"":0,""budget_violation"":0,""makespan"":302.525,""deadline_violation"":0,""machine_signature"":""2503df0f0f862565"",""weighted_score"":0.998231,""diversity_score"":3.62069},{""rank"":2,""recommended"":false,""feasible"":true,""budget_used"":0,""budget_violation"":0,""makespan"":302.525,""deadline_violation"":0,""machine_signature"":""84c202fec823b7d0"",""weighted_score"":0.998231,""diversity_score"":3.62069},{""rank"":3,""recommended"":false,""feasible"":true,""budget_used"":0,""budget_violation"":0,""makespan"":303.061,""deadline_violation"":0,""machine_signature"":""7f3917fd10d4b78d"",""weighted_score"":1,""diversity_score"":3.603448}]"
heft_colocation,cluster_homo,21,maddid0000018|maddid0000037|maddid0000056|mbackgroundid0000014|mbackgroundid0000015|mbackgroundid0000034|mbackgroundid0000035|mbackgroundid0000053|mbgmodelid0000050|mconcatfitid0000011|mconcatfitid0000049|mdifffitid0000005|mdifffitid0000006|mdifffitid0000008|mdifffitid0000010|mdifffitid0000024|mdifffitid0000025|mdifffitid0000028|mdifffitid0000043|mdifffitid0000045|mdifffitid0000046|mprojectid0000002|mprojectid0000020|mprojectid0000023|mprojectid0000039|mprojectid0000040|mprojectid0000042|mviewerid0000038|mviewerid0000058,0.200000,281.326000,0.000000,0.000000,337.591200,0.000000,0.000000,true,28.778000,7,0.794000,"{""bora001"":17,""bora002"":19,""bora003"":12,""bora004"":10}","{""bora001"":0.063474,""bora002"":0.041317,""bora003"":0.039935,""bora004"":0.033268}",[]
prism_cc_cost,cluster_homo,21,maddid0000018|maddid0000037|maddid0000056|mbackgroundid0000014|mbackgroundid0000015|mbackgroundid0000034|mbackgroundid0000035|mbackgroundid0000053|mbgmodelid0000050|mconcatfitid0000011|mconcatfitid0000049|mdifffitid0000005|mdifffitid0000006|mdifffitid0000008|mdifffitid0000010|mdifffitid0000024|mdifffitid0000025|mdifffitid0000028|mdifffitid0000043|mdifffitid0000045|mdifffitid0000046|mprojectid0000002|mprojectid0000020|mprojectid0000023|mprojectid0000039|mprojectid0000040|mprojectid0000042|mviewerid0000038|mviewerid0000058,0.200000,281.326000,0.000000,0.000000,337.591200,0.000000,0.000000,true,28.778000,7,159.408000,"{""bora001"":17,""bora002"":19,""bora003"":12,""bora004"":10}","{""bora001"":0.063474,""bora002"":0.041317,""bora003"":0.039935,""bora004"":0.033268}","[{""rank"":1,""recommended"":true,""feasible"":true,""budget_used"":0,""budget_violation"":0,""makespan"":281.326,""deadline_violation"":0,""machine_signature"":""89ce64178167186d"",""weighted_score"":0,""diversity_score"":3.672414}]"
prism_cc_time,cluster_homo,21,maddid0000018|maddid0000037|maddid0000056|mbackgroundid0000014|mbackgroundid0000015|mbackgroundid0000034|mbackgroundid0000035|mbackgroundid0000053|mbgmodelid0000050|mconcatfitid0000011|mconcatfitid0000049|mdifffitid0000005|mdifffitid0000006|mdifffitid0000008|mdifffitid0000010|mdifffitid0000024|mdifffitid0000025|mdifffitid0000028|mdifffitid0000043|mdifffitid0000045|mdifffitid0000046|mprojectid0000002|mprojectid0000020|mprojectid0000023|mprojectid0000039|mprojectid0000040|mprojectid0000042|mviewerid0000038|mviewerid0000058,0.200000,281.326000,0.000000,0.000000,337.591200,0.000000,0.000000,true,28.778000,7,159.408000,"{""bora001"":17,""bora002"":19,""bora003"":12,""bora004"":10}","{""bora001"":0.063474,""bora002"":0.041317,""bora003"":0.039935,""bora004"":0.033268}","[{""rank"":1,""recommended"":true,""feasible"":true,""budget_used"":0,""budget_violation"":0,""makespan"":281.326,""deadline_violation"":0,""machine_signature"":""89ce64178167186d"",""weighted_score"":1,""diversity_score"":3.672414}]"
heft_colocation,hybrid_hetero,21,maddid0000018|maddid0000037|maddid0000056|mbackgroundid0000014|mbackgroundid0000015|mbackgroundid0000034|mbackgroundid0000035|mbackgroundid0000053|mbgmodelid0000050|mconcatfitid0000011|mconcatfitid0000049|mdifffitid0000005|mdifffitid0000006|mdifffitid0000008|mdifffitid0000010|mdifffitid0000024|mdifffitid0000025|mdifffitid0000028|mdifffitid0000043|mdifffitid0000045|mdifffitid0000046|mprojectid0000002|mprojectid0000020|mprojectid0000023|mprojectid0000039|mprojectid0000040|mprojectid0000042|mviewerid0000038|mviewerid0000058,0.200000,103.142000,0.519697,0.507908,117.111320,0.011800,0.000000,false,53.409000,29,1.400000,"{""bora011"":2,""diablo03"":1,""h3-standard-88-2"":13,""h4d-standard-192-7"":42}","{""bora011"":0.000494,""diablo03"":0.000187,""h3-standard-88-2"":0.003275,""h4d-standard-192-7"":0.018072}",[]
prism_cc_cost,hybrid_hetero,21,maddid0000018|maddid0000037|maddid0000056|mbackgroundid0000014|mbackgroundid0000015|mbackgroundid0000034|mbackgroundid0000035|mbackgroundid0000053|mbgmodelid0000050|mconcatfitid0000011|mconcatfitid0000049|mdifffitid0000005|mdifffitid0000006|mdifffitid0000008|mdifffitid0000010|mdifffitid0000024|mdifffitid0000025|mdifffitid0000028|mdifffitid0000043|mdifffitid0000045|mdifffitid0000046|mprojectid0000002|mprojectid0000020|mprojectid0000023|mprojectid0000039|mprojectid0000040|mprojectid0000042|mviewerid0000038|mviewerid0000058,0.200000,106.057000,0.392513,0.507908,117.111320,0.000000,0.000000,true,53.410000,29,309.259000,"{""bora011"":10,""diablo03"":3,""h3-standard-88-2"":8,""h4d-standard-192-7"":37}","{""bora011"":0.002179,""diablo03"":0.000622,""h3-standard-88-2"":0.002993,""h4d-standard-192-7"":0.017542}","[{""rank"":1,""recommended"":true,""feasible"":true,""budget_used"":0.392513,""budget_violation"":0,""makespan"":106.057,""deadline_violation"":0,""machine_signature"":""f94286ff49e6522f"",""weighted_score"":0.392513,""diversity_score"":3.362069},{""rank"":2,""recommended"":false,""feasible"":true,""budget_used"":0.493329,""budget_violation"":0,""makespan"":103.142,""deadline_violation"":0,""machine_signature"":""eef5ed2cc1a92207"",""weighted_score"":0.493329,""diversity_score"":3.275862},{""rank"":3,""recommended"":false,""feasible"":false,""budget_used"":0.519697,""budget_violation"":0.0118,""makespan"":103.142,""deadline_violation"":0,""machine_signature"":""15bc922702235f80"",""weighted_score"":0.519697,""diversity_score"":3.275862}]"
prism_cc_time,hybrid_hetero,21,maddid0000018|maddid0000037|maddid0000056|mbackgroundid0000014|mbackgroundid0000015|mbackgroundid0000034|mbackgroundid0000035|mbackgroundid0000053|mbgmodelid0000050|mconcatfitid0000011|mconcatfitid0000049|mdifffitid0000005|mdifffitid0000006|mdifffitid0000008|mdifffitid0000010|mdifffitid0000024|mdifffitid0000025|mdifffitid0000028|mdifffitid0000043|mdifffitid0000045|mdifffitid0000046|mprojectid0000002|mprojectid0000020|mprojectid0000023|mprojectid0000039|mprojectid0000040|mprojectid0000042|mviewerid0000038|mviewerid0000058,0.200000,103.142000,0.493329,0.507908,117.111320,0.000000,0.000000,true,53.409000,29,309.259000,"{""bora011"":3,""diablo03"":1,""h3-standard-88-2"":12,""h4d-standard-192-7"":42}","{""bora011"":0.000532,""diablo03"":0.000187,""h3-standard-88-2"":0.00327,""h4d-standard-192-7"":0.018072}","[{""rank"":1,""recommended"":true,""feasible"":true,""budget_used"":0.493329,""budget_violation"":0,""makespan"":103.142,""deadline_violation"":0,""machine_signature"":""eef5ed2cc1a92207"",""weighted_score"":0.972515,""diversity_score"":3.275862},{""rank"":2,""recommended"":false,""feasible"":true,""budget_used"":0.392513,""budget_violation"":0,""makespan"":106.057,""deadline_violation"":0,""machine_signature"":""f94286ff49e6522f"",""weighted_score"":1,""diversity_score"":3.362069},{""rank"":3,""recommended"":false,""feasible"":false,""budget_used"":0.519697,""budget_violation"":0.0118,""makespan"":103.142,""deadline_violation"":0,""machine_signature"":""15bc922702235f80"",""weighted_score"":0.972515,""diversity_score"":3.275862}]"
heft_colocation,hybrid_homo,21,maddid0000018|maddid0000037|maddid0000056|mbackgroundid0000014|mbackgroundid0000015|mbackgroundid0000034|mbackgroundid0000035|mbackgroundid0000053|mbgmodelid0000050|mconcatfitid0000011|mconcatfitid0000049|mdifffitid0000005|mdifffitid0000006|mdifffitid0000008|mdifffitid0000010|mdifffitid0000024|mdifffitid0000025|mdifffitid0000028|mdifffitid0000043|mdifffitid0000045|mdifffitid0000046|mprojectid0000002|mprojectid0000020|mprojectid0000023|mprojectid0000039|mprojectid0000040|mprojectid0000042|mviewerid0000038|mviewerid0000058,0.200000,94.227000,0.654025,0.747528,110.602640,0.000000,0.000000,true,24.451000,21,1.707000,"{""bora009"":2,""bora010"":1,""h4d-standard-192-5"":30,""h4d-standard-192-6"":25}","{""bora009"":0.000541,""bora010"":0.000291,""h4d-standard-192-5"":0.008013,""h4d-standard-192-6"":0.011012}",[]
prism_cc_cost,hybrid_homo,21,maddid0000018|maddid0000037|maddid0000056|mbackgroundid0000014|mbackgroundid0000015|mbackgroundid0000034|mbackgroundid0000035|mbackgroundid0000053|mbgmodelid0000050|mconcatfitid0000011|mconcatfitid0000049|mdifffitid0000005|mdifffitid0000006|mdifffitid0000008|mdifffitid0000010|mdifffitid0000024|mdifffitid0000025|mdifffitid0000028|mdifffitid0000043|mdifffitid0000045|mdifffitid0000046|mprojectid0000002|mprojectid0000020|mprojectid0000023|mprojectid0000039|mprojectid0000040|mprojectid0000042|mviewerid0000038|mviewerid0000058,0.200000,101.052000,0.339650,0.747528,110.602640,0.000000,0.000000,true,25.465000,8,449.056000,"{""bora009"":15,""bora010"":14,""h4d-standard-192-5"":24,""h4d-standard-192-6"":5}","{""bora009"":0.004885,""bora010"":0.007017,""h4d-standard-192-5"":0.012896,""h4d-standard-192-6"":0.00452}","[{""rank"":1,""recommended"":true,""feasible"":true,""budget_used"":0.33965,""budget_violation"":0,""makespan"":101.052,""deadline_violation"":0,""machine_signature"":""e963c92261eb2110"",""weighted_score"":0.33965,""diversity_score"":3.586207},{""rank"":2,""recommended"":false,""feasible"":true,""budget_used"":0.592564,""budget_violation"":0,""makespan"":94.239,""deadline_violation"":0,""machine_signature"":""8014146c83e27365"",""weighted_score"":0.592564,""diversity_score"":3.5},{""rank"":3,""recommended"":false,""feasible"":true,""budget_used"":0.645081,""budget_violation"":0,""makespan"":94.227,""deadline_violation"":0,""machine_signature"":""177864b3a44cb442"",""weighted_score"":0.645081,""diversity_score"":3.5},{""rank"":4,""recommended"":false,""feasible"":true,""budget_used"":0.654025,""budget_violation"":0,""makespan"":94.227,""deadline_violation"":0,""machine_signature"":""ed0d1e33188bb725"",""weighted_score"":0.654025,""diversity_score"":3.482759}]"
prism_cc_time,hybrid_homo,21,maddid0000018|maddid0000037|maddid0000056|mbackgroundid0000014|mbackgroundid0000015|mbackgroundid0000034|mbackgroundid0000035|mbackgroundid0000053|mbgmodelid0000050|mconcatfitid0000011|mconcatfitid0000049|mdifffitid0000005|mdifffitid0000006|mdifffitid0000008|mdifffitid0000010|mdifffitid0000024|mdifffitid0000025|mdifffitid0000028|mdifffitid0000043|mdifffitid0000045|mdifffitid0000046|mprojectid0000002|mprojectid0000020|mprojectid0000023|mprojectid0000039|mprojectid0000040|mprojectid0000042|mviewerid0000038|mviewerid0000058,0.200000,94.227000,0.645081,0.747528,110.602640,0.000000,0.000000,true,24.451000,21,449.056000,"{""bora009"":3,""bora010"":1,""h4d-standard-192-5"":29,""h4d-standard-192-6"":25}","{""bora009"":0.000582,""bora010"":0.000291,""h4d-standard-192-5"":0.008012,""h4d-standard-192-6"":0.011012}","[{""rank"":1,""recommended"":true,""feasible"":true,""budget_used"":0.645081,""budget_violation"":0,""makespan"":94.227,""deadline_violation"":0,""machine_signature"":""177864b3a44cb442"",""weighted_score"":0.932461,""diversity_score"":3.5},{""rank"":2,""recommended"":false,""feasible"":true,""budget_used"":0.654025,""budget_violation"":0,""makespan"":94.227,""deadline_violation"":0,""machine_signature"":""ed0d1e33188bb725"",""weighted_score"":0.932461,""diversity_score"":3.482759},{""rank"":3,""recommended"":false,""feasible"":true,""budget_used"":0.592564,""budget_violation"":0,""makespan"":94.239,""deadline_violation"":0,""machine_signature"":""8014146c83e27365"",""weighted_score"":0.932579,""diversity_score"":3.5},{""rank"":4,""recommended"":false,""feasible"":true,""budget_used"":0.33965,""budget_violation"":0,""makespan"":101.052,""deadline_violation"":0,""machine_signature"":""e963c92261eb2110"",""weighted_score"":1,""diversity_score"":3.586207}]"
heft_colocation,cloud_hetero,22,maddid0000018|maddid0000037|maddid0000056|mbackgroundid0000014|mbackgroundid0000015|mbackgroundid0000032|mbackgroundid0000033|mbackgroundid0000035|mbackgroundid0000051|mbackgroundid0000053|mbgmodelid0000050|mdifffitid0000007|mdifffitid0000008|mdifffitid0000009|mdifffitid0000025|mdifffitid0000043|mdifffitid0000044|mdifffitid0000045|mimgtblid0000055|mprojectid0000002|mprojectid0000021|mprojectid0000022|mprojectid0000023|mprojectid0000039|mprojectid0000041|mprojectid0000042|mviewerid0000019|mviewerid0000038|mviewerid0000057,0.200000,90.960000,0.662794,0.809118,110.678240,0.000000,0.000000,true,29.375000,18,2.427000,"{""h4d-highmem-192-1"":24,""h4d-standard-192-1"":34}","{""h3-standard-88-1"":0,""h3-standard-88-2"":0,""h4d-highmem-192-1"":0.009342,""h4d-standard-192-1"":0.010678}",[]
prism_cc_cost,cloud_hetero,22,maddid0000018|maddid0000037|maddid0000056|mbackgroundid0000014|mbackgroundid0000015|mbackgroundid0000032|mbackgroundid0000033|mbackgroundid0000035|mbackgroundid0000051|mbackgroundid0000053|mbgmodelid0000050|mdifffitid0000007|mdifffitid0000008|mdifffitid0000009|mdifffitid0000025|mdifffitid0000043|mdifffitid0000044|mdifffitid0000045|mimgtblid0000055|mprojectid0000002|mprojectid0000021|mprojectid0000022|mprojectid0000023|mprojectid0000039|mprojectid0000041|mprojectid0000042|mviewerid0000019|mviewerid0000038|mviewerid0000057,0.200000,98.895000,0.215746,0.809118,110.678240,0.000000,0.000000,true,74.574000,41,377.283000,"{""h4d-standard-192-1"":58}","{""h3-standard-88-1"":0,""h3-standard-88-2"":0,""h4d-highmem-192-1"":0,""h4d-standard-192-1"":0.020794}","[{""rank"":1,""recommended"":true,""feasible"":true,""budget_used"":0.215746,""budget_violation"":0,""makespan"":98.895,""deadline_violation"":0,""machine_signature"":""ccc1e77e345ea3c5"",""weighted_score"":0.215746,""diversity_score"":0},{""rank"":2,""recommended"":false,""feasible"":true,""budget_used"":0.60571,""budget_violation"":0,""makespan"":90.96,""deadline_violation"":0,""machine_signature"":""00fbc77526ce3b52"",""weighted_score"":0.60571,""diversity_score"":1.431034},{""rank"":3,""recommended"":false,""feasible"":true,""budget_used"":0.662794,""budget_violation"":0,""makespan"":90.96,""deadline_violation"":0,""machine_signature"":""ab374ed930af7234"",""weighted_score"":0.662794,""diversity_score"":1.413793}]"
prism_cc_time,cloud_hetero,22,maddid0000018|maddid0000037|maddid0000056|mbackgroundid0000014|mbackgroundid0000015|mbackgroundid0000032|mbackgroundid0000033|mbackgroundid0000035|mbackgroundid0000051|mbackgroundid0000053|mbgmodelid0000050|mdifffitid0000007|mdifffitid0000008|mdifffitid0000009|mdifffitid0000025|mdifffitid0000043|mdifffitid0000044|mdifffitid0000045|mimgtblid0000055|mprojectid0000002|mprojectid0000021|mprojectid0000022|mprojectid0000023|mprojectid0000039|mprojectid0000041|mprojectid0000042|mviewerid0000019|mviewerid0000038|mviewerid0000057,0.200000,90.960000,0.605710,0.809118,110.678240,0.000000,0.000000,true,29.375000,18,377.283000,"{""h4d-highmem-192-1"":25,""h4d-standard-192-1"":33}","{""h3-standard-88-1"":0,""h3-standard-88-2"":0,""h4d-highmem-192-1"":0.00935,""h4d-standard-192-1"":0.010671}","[{""rank"":1,""recommended"":true,""feasible"":true,""budget_used"":0.60571,""budget_violation"":0,""makespan"":90.96,""deadline_violation"":0,""machine_signature"":""00fbc77526ce3b52"",""weighted_score"":0.919763,""diversity_score"":1.431034},{""rank"":2,""recommended"":false,""feasible"":true,""budget_used"":0.662794,""budget_violation"":0,""makespan"":90.96,""deadline_violation"":0,""machine_signature"":""ab374ed930af7234"",""weighted_score"":0.919763,""diversity_score"":1.413793},{""rank"":3,""recommended"":false,""feasible"":true,""budget_used"":0.215746,""budget_violation"":0,""makespan"":98.895,""deadline_violation"":0,""machine_signature"":""ccc1e77e345ea3c5"",""weighted_score"":1,""diversity_score"":0}]"
heft_colocation,cloud_homo,22,maddid0000018|maddid0000037|maddid0000056|mbackgroundid0000014|mbackgroundid0000015|mbackgroundid0000032|mbackgroundid0000033|mbackgroundid0000035|mbackgroundid0000051|mbackgroundid0000053|mbgmodelid0000050|mdifffitid0000007|mdifffitid0000008|mdifffitid0000009|mdifffitid0000025|mdifffitid0000043|mdifffitid0000044|mdifffitid0000045|mimgtblid0000055|mprojectid0000002|mprojectid0000021|mprojectid0000022|mprojectid0000023|mprojectid0000039|mprojectid0000041|mprojectid0000042|mviewerid0000019|mviewerid0000038|mviewerid0000057,0.200000,88.371000,1.114495,1.344726,106.047360,0.000000,0.000000,true,8.051000,8,2.673000,"{""h4d-standard-192-1"":19,""h4d-standard-192-2"":11,""h4d-standard-192-3"":17,""h4d-standard-192-4"":11}","{""h4d-standard-192-1"":0.006694,""h4d-standard-192-2"":0.002667,""h4d-standard-192-3"":0.006155,""h4d-standard-192-4"":0.003834}",[]
prism_cc_cost,cloud_homo,22,maddid0000018|maddid0000037|maddid0000056|mbackgroundid0000014|mbackgroundid0000015|mbackgroundid0000032|mbackgroundid0000033|mbackgroundid0000035|mbackgroundid0000051|mbackgroundid0000053|mbgmodelid0000050|mdifffitid0000007|mdifffitid0000008|mdifffitid0000009|mdifffitid0000025|mdifffitid0000043|mdifffitid0000044|mdifffitid0000045|mimgtblid0000055|mprojectid0000002|mprojectid0000021|mprojectid0000022|mprojectid0000023|mprojectid0000039|mprojectid0000041|mprojectid0000042|mviewerid0000019|mviewerid0000038|mviewerid0000057,0.200000,97.553000,0.212814,1.344726,106.047360,0.000000,0.000000,true,74.699000,44,478.934000,"{""h4d-standard-192-1"":58}","{""h4d-standard-192-1"":0.021087,""h4d-standard-192-2"":0,""h4d-standard-192-3"":0,""h4d-standard-192-4"":0}","[{""rank"":1,""recommended"":true,""feasible"":true,""budget_used"":0.212814,""budget_violation"":0,""makespan"":97.553,""deadline_violation"":0,""machine_signature"":""aa9c1f3710544512"",""weighted_score"":0.190951,""diversity_score"":0},{""rank"":2,""recommended"":false,""feasible"":true,""budget_used"":1.037047,""budget_violation"":0,""makespan"":88.485,""deadline_violation"":0,""machine_signature"":""6c59e50419282eb9"",""weighted_score"":0.930508,""diversity_score"":3.672414},{""rank"":3,""recommended"":false,""feasible"":true,""budget_used"":1.111144,""budget_violation"":0,""makespan"":88.371,""deadline_violation"":0,""machine_signature"":""426132f6e45658a1"",""weighted_score"":0.996993,""diversity_score"":3.689655},{""rank"":4,""recommended"":false,""feasible"":true,""budget_used"":1.114495,""budget_violation"":0,""makespan"":88.371,""deadline_violation"":0,""machine_signature"":""2ed2cde136bf4e5d"",""weighted_score"":1,""diversity_score"":3.672414}]"
prism_cc_time,cloud_homo,22,maddid0000018|maddid0000037|maddid0000056|mbackgroundid0000014|mbackgroundid0000015|mbackgroundid0000032|mbackgroundid0000033|mbackgroundid0000035|mbackgroundid0000051|mbackgroundid0000053|mbgmodelid0000050|mdifffitid0000007|mdifffitid0000008|mdifffitid0000009|mdifffitid0000025|mdifffitid0000043|mdifffitid0000044|mdifffitid0000045|mimgtblid0000055|mprojectid0000002|mprojectid0000021|mprojectid0000022|mprojectid0000023|mprojectid0000039|mprojectid0000041|mprojectid0000042|mviewerid0000019|mviewerid0000038|mviewerid0000057,0.200000,88.371000,1.111144,1.344726,106.047360,0.000000,0.000000,true,8.051000,8,478.934000,"{""h4d-standard-192-1"":18,""h4d-standard-192-2"":11,""h4d-standard-192-3"":17,""h4d-standard-192-4"":12}","{""h4d-standard-192-1"":0.006693,""h4d-standard-192-2"":0.002667,""h4d-standard-192-3"":0.006155,""h4d-standard-192-4"":0.003835}","[{""rank"":1,""recommended"":true,""feasible"":true,""budget_used"":1.111144,""budget_violation"":0,""makespan"":88.371,""deadline_violation"":0,""machine_signature"":""426132f6e45658a1"",""weighted_score"":0.905877,""diversity_score"":3.689655},{""rank"":2,""recommended"":false,""feasible"":true,""budget_used"":1.114495,""budget_violation"":0,""makespan"":88.371,""deadline_violation"":0,""machine_signature"":""2ed2cde136bf4e5d"",""weighted_score"":0.905877,""diversity_score"":3.672414},{""rank"":3,""recommended"":false,""feasible"":true,""budget_used"":1.037047,""budget_violation"":0,""makespan"":88.485,""deadline_violation"":0,""machine_signature"":""6c59e50419282eb9"",""weighted_score"":0.907045,""diversity_score"":3.672414},{""rank"":4,""recommended"":false,""feasible"":true,""budget_used"":0.212814,""budget_violation"":0,""makespan"":97.553,""deadline_violation"":0,""machine_signature"":""aa9c1f3710544512"",""weighted_score"":1,""diversity_score"":0}]"
heft_colocation,cluster_hetero,22,maddid0000018|maddid0000037|maddid0000056|mbackgroundid0000014|mbackgroundid0000015|mbackgroundid0000032|mbackgroundid0000033|mbackgroundid0000035|mbackgroundid0000051|mbackgroundid0000053|mbgmodelid0000050|mdifffitid0000007|mdifffitid0000008|mdifffitid0000009|mdifffitid0000025|mdifffitid0000043|mdifffitid0000044|mdifffitid0000045|mimgtblid0000055|mprojectid0000002|mprojectid0000021|mprojectid0000022|mprojectid0000023|mprojectid0000039|mprojectid0000041|mprojectid0000042|mviewerid0000019|mviewerid0000038|mviewerid0000057,0.200000,281.883000,0.000000,0.000000,346.902440,0.000000,0.000000,true,85.282000,8,1.014000,"{""bora005"":23,""bora006"":22,""diablo01"":7,""diablo02"":6}","{""bora005"":0.099703,""bora006"":0.065745,""diablo01"":0.004782,""diablo02"":0.00769}",[]
prism_cc_cost,cluster_hetero,22,maddid0000018|maddid0000037|maddid0000056|mbackgroundid0000014|mbackgroundid0000015|mbackgroundid0000032|mbackgroundid0000033|mbackgroundid0000035|mbackgroundid0000051|mbackgroundid0000053|mbgmodelid0000050|mdifffitid0000007|mdifffitid0000008|mdifffitid0000009|mdifffitid0000025|mdifffitid0000043|mdifffitid0000044|mdifffitid0000045|mimgtblid0000055|mprojectid0000002|mprojectid0000021|mprojectid0000022|mprojectid0000023|mprojectid0000039|mprojectid0000041|mprojectid0000042|mviewerid0000019|mviewerid0000038|mviewerid0000057,0.200000,281.883000,0.000000,0.000000,346.902440,0.000000,0.000000,true,85.282000,8,176.293000,"{""bora005"":23,""bora006"":22,""diablo01"":7,""diablo02"":6}","{""bora005"":0.099703,""bora006"":0.065745,""diablo01"":0.004782,""diablo02"":0.00769}","[{""rank"":1,""recommended"":true,""feasible"":true,""budget_used"":0,""budget_violation"":0,""makespan"":281.883,""deadline_violation"":0,""machine_signature"":""de7467557872833e"",""weighted_score"":0,""diversity_score"":3.603448},{""rank"":2,""recommended"":false,""feasible"":true,""budget_used"":0,""budget_violation"":0,""makespan"":281.883,""deadline_violation"":0,""machine_signature"":""482759055702b04a"",""weighted_score"":0,""diversity_score"":3.62069}]"
prism_cc_time,cluster_hetero,22,maddid0000018|maddid0000037|maddid0000056|mbackgroundid0000014|mbackgroundid0000015|mbackgroundid0000032|mbackgroundid0000033|mbackgroundid0000035|mbackgroundid0000051|mbackgroundid0000053|mbgmodelid0000050|mdifffitid0000007|mdifffitid0000008|mdifffitid0000009|mdifffitid0000025|mdifffitid0000043|mdifffitid0000044|mdifffitid0000045|mimgtblid0000055|mprojectid0000002|mprojectid0000021|mprojectid0000022|mprojectid0000023|mprojectid0000039|mprojectid0000041|mprojectid0000042|mviewerid0000019|mviewerid0000038|mviewerid0000057,0.200000,281.883000,0.000000,0.000000,346.902440,0.000000,0.000000,true,85.282000,8,176.293000,"{""bora005"":23,""bora006"":22,""diablo01"":7,""diablo02"":6}","{""bora005"":0.099703,""bora006"":0.065745,""diablo01"":0.004782,""diablo02"":0.00769}","[{""rank"":1,""recommended"":true,""feasible"":true,""budget_used"":0,""budget_violation"":0,""makespan"":281.883,""deadline_violation"":0,""machine_signature"":""de7467557872833e"",""weighted_score"":1,""diversity_score"":3.603448},{""rank"":2,""recommended"":false,""feasible"":true,""budget_used"":0,""budget_violation"":0,""makespan"":281.883,""deadline_violation"":0,""machine_signature"":""482759055702b04a"",""weighted_score"":1,""diversity_score"":3.62069}]"
heft_colocation,cluster_homo,22,maddid0000018|maddid0000037|maddid0000056|mbackgroundid0000014|mbackgroundid0000015|mbackgroundid0000032|mbackgroundid0000033|mbackgroundid0000035|mbackgroundid0000051|mbackgroundid0000053|mbgmodelid0000050|mdifffitid0000007|mdifffitid0000008|mdifffitid0000009|mdifffitid0000025|mdifffitid0000043|mdifffitid0000044|mdifffitid0000045|mimgtblid0000055|mprojectid0000002|mprojectid0000021|mprojectid0000022|mprojectid0000023|mprojectid0000039|mprojectid0000041|mprojectid0000042|mviewerid0000019|mviewerid0000038|mviewerid0000057,0.200000,281.326000,0.000000,0.000000,337.591200,0.000000,0.000000,true,45.054000,9,0.798000,"{""bora001"":17,""bora002"":16,""bora003"":15,""bora004"":10}","{""bora001"":0.06207,""bora002"":0.025496,""bora003"":0.056736,""bora004"":0.035298}",[]
prism_cc_cost,cluster_homo,22,maddid0000018|maddid0000037|maddid0000056|mbackgroundid0000014|mbackgroundid0000015|mbackgroundid0000032|mbackgroundid0000033|mbackgroundid0000035|mbackgroundid0000051|mbackgroundid0000053|mbgmodelid0000050|mdifffitid0000007|mdifffitid0000008|mdifffitid0000009|mdifffitid0000025|mdifffitid0000043|mdifffitid0000044|mdifffitid0000045|mimgtblid0000055|mprojectid0000002|mprojectid0000021|mprojectid0000022|mprojectid0000023|mprojectid0000039|mprojectid0000041|mprojectid0000042|mviewerid0000019|mviewerid0000038|mviewerid0000057,0.200000,281.326000,0.000000,0.000000,337.591200,0.000000,0.000000,true,45.054000,9,179.576000,"{""bora001"":17,""bora002"":16,""bora003"":15,""bora004"":10}","{""bora001"":0.06207,""bora002"":0.025496,""bora003"":0.056736,""bora004"":0.035298}","[{""rank"":1,""recommended"":true,""feasible"":true,""budget_used"":0,""budget_violation"":0,""makespan"":281.326,""deadline_violation"":0,""machine_signature"":""7a840e446adcc4f1"",""weighted_score"":0,""diversity_score"":3.706897},{""rank"":2,""recommended"":false,""feasible"":true,""budget_used"":0,""budget_violation"":0,""makespan"":281.326,""deadline_violation"":0,""machine_signature"":""f52c1585a3b30160"",""weighted_score"":0,""diversity_score"":3.706897}]"
prism_cc_time,cluster_homo,22,maddid0000018|maddid0000037|maddid0000056|mbackgroundid0000014|mbackgroundid0000015|mbackgroundid0000032|mbackgroundid0000033|mbackgroundid0000035|mbackgroundid0000051|mbackgroundid0000053|mbgmodelid0000050|mdifffitid0000007|mdifffitid0000008|mdifffitid0000009|mdifffitid0000025|mdifffitid0000043|mdifffitid0000044|mdifffitid0000045|mimgtblid0000055|mprojectid0000002|mprojectid0000021|mprojectid0000022|mprojectid0000023|mprojectid0000039|mprojectid0000041|mprojectid0000042|mviewerid0000019|mviewerid0000038|mviewerid0000057,0.200000,281.326000,0.000000,0.000000,337.591200,0.000000,0.000000,true,45.054000,9,179.576000,"{""bora001"":17,""bora002"":16,""bora003"":15,""bora004"":10}","{""bora001"":0.06207,""bora002"":0.025496,""bora003"":0.056736,""bora004"":0.035298}","[{""rank"":1,""recommended"":true,""feasible"":true,""budget_used"":0,""budget_violation"":0,""makespan"":281.326,""deadline_violation"":0,""machine_signature"":""7a840e446adcc4f1"",""weighted_score"":1,""diversity_score"":3.706897},{""rank"":2,""recommended"":false,""feasible"":true,""budget_used"":0,""budget_violation"":0,""makespan"":281.326,""deadline_violation"":0,""machine_signature"":""f52c1585a3b30160"",""weighted_score"":1,""diversity_score"":3.706897}]"
heft_colocation,hybrid_hetero,22,maddid0000018|maddid0000037|maddid0000056|mbackgroundid0000014|mbackgroundid0000015|mbackgroundid0000032|mbackgroundid0000033|mbackgroundid0000035|mbackgroundid0000051|mbackgroundid0000053|mbgmodelid0000050|mdifffitid0000007|mdifffitid0000008|mdifffitid0000009|mdifffitid0000025|mdifffitid0000043|mdifffitid0000044|mdifffitid0000045|mimgtblid0000055|mprojectid0000002|mprojectid0000021|mprojectid0000022|mprojectid0000023|mprojectid0000039|mprojectid0000041|mprojectid0000042|mviewerid0000019|mviewerid0000038|mviewerid0000057,0.200000,95.016000,0.498412,0.507908,117.111320,0.000000,0.000000,true,61.810000,28,1.462000,"{""bora011"":2,""diablo03"":1,""h3-standard-88-2"":13,""h4d-standard-192-7"":42}","{""bora011"":0.000536,""diablo03"":0.000203,""h3-standard-88-2"":0.003529,""h4d-standard-192-7"":0.020089}",[]
prism_cc_cost,hybrid_hetero,22,maddid0000018|maddid0000037|maddid0000056|mbackgroundid0000014|mbackgroundid0000015|mbackgroundid0000032|mbackgroundid0000033|mbackgroundid0000035|mbackgroundid0000051|mbackgroundid0000053|mbgmodelid0000050|mdifffitid0000007|mdifffitid0000008|mdifffitid0000009|mdifffitid0000025|mdifffitid0000043|mdifffitid0000044|mdifffitid0000045|mimgtblid0000055|mprojectid0000002|mprojectid0000021|mprojectid0000022|mprojectid0000023|mprojectid0000039|mprojectid0000041|mprojectid0000042|mviewerid0000019|mviewerid0000038|mviewerid0000057,0.200000,98.924000,0.336951,0.507908,117.111320,0.000000,0.000000,true,61.376000,19,291.632000,"{""bora011"":11,""diablo03"":5,""h3-standard-88-2"":5,""h4d-standard-192-7"":37}","{""bora011"":0.002693,""diablo03"":0.001279,""h3-standard-88-2"":0.002912,""h4d-standard-192-7"":0.019261}","[{""rank"":1,""recommended"":true,""feasible"":true,""budget_used"":0.336951,""budget_violation"":0,""makespan"":98.924,""deadline_violation"":0,""machine_signature"":""47dc76886f394b19"",""weighted_score"":0.336951,""diversity_score"":3.362069},{""rank"":2,""recommended"":false,""feasible"":true,""budget_used"":0.358918,""budget_violation"":0,""makespan"":96.009,""deadline_violation"":0,""machine_signature"":""344eb78d93be509d"",""weighted_score"":0.358918,""diversity_score"":3.241379},{""rank"":3,""recommended"":false,""feasible"":true,""budget_used"":0.480557,""budget_violation"":0,""makespan"":95.016,""deadline_violation"":0,""machine_signature"":""dbdd64801663c638"",""weighted_score"":0.480557,""diversity_score"":3.275862},{""rank"":4,""recommended"":false,""feasible"":true,""budget_used"":0.498412,""budget_violation"":0,""makespan"":95.016,""deadline_violation"":0,""machine_signature"":""52a51e5ba8e079ba"",""weighted_score"":0.498412,""diversity_score"":3.275862}]"
prism_cc_time,hybrid_hetero,22,maddid0000018|maddid0000037|maddid0000056|mbackgroundid0000014|mbackgroundid0000015|mbackgroundid0000032|mbackgroundid0000033|mbackgroundid0000035|mbackgroundid0000051|mbackgroundid0000053|mbgmodelid0000050|mdifffitid0000007|mdifffitid0000008|mdifffitid0000009|mdifffitid0000025|mdifffitid0000043|mdifffitid0000044|mdifffitid0000045|mimgtblid0000055|mprojectid0000002|mprojectid0000021|mprojectid0000022|mprojectid0000023|mprojectid0000039|mprojectid0000041|mprojectid0000042|mviewerid0000019|mviewerid0000038|mviewerid0000057,0.200000,95.016000,0.480557,0.507908,117.111320,0.000000,0.000000,true,61.810000,28,291.632000,"{""bora011"":3,""diablo03"":1,""h3-standard-88-2"":12,""h4d-standard-192-7"":42}","{""bora011"":0.000577,""diablo03"":0.000203,""h3-standard-88-2"":0.003523,""h4d-standard-192-7"":0.020089}","[{""rank"":1,""recommended"":true,""feasible"":true,""budget_used"":0.480557,""budget_violation"":0,""makespan"":95.016,""deadline_violation"":0,""machine_signature"":""dbdd64801663c638"",""weighted_score"":0.960495,""diversity_score"":3.275862},{""rank"":2,""recommended"":false,""feasible"":true,""budget_used"":0.498412,""budget_violation"":0,""makespan"":95.016,""deadline_violation"":0,""machine_signature"":""52a51e5ba8e079ba"",""weighted_score"":0.960495,""diversity_score"":3.275862},{""rank"":3,""recommended"":false,""feasible"":true,""budget_used"":0.358918,""budget_violation"":0,""makespan"":96.009,""deadline_violation"":0,""machine_signature"":""344eb78d93be509d"",""weighted_score"":0.970533,""diversity_score"":3.241379},{""rank"":4,""recommended"":false,""feasible"":true,""budget_used"":0.336951,""budget_violation"":0,""makespan"":98.924,""deadline_violation"":0,""machine_signature"":""47dc76886f394b19"",""weighted_score"":1,""diversity_score"":3.362069}]"
heft_colocation,hybrid_homo,22,maddid0000018|maddid0000037|maddid0000056|mbackgroundid0000014|mbackgroundid0000015|mbackgroundid0000032|mbackgroundid0000033|mbackgroundid0000035|mbackgroundid0000051|mbackgroundid0000053|mbgmodelid0000050|mdifffitid0000007|mdifffitid0000008|mdifffitid0000009|mdifffitid0000025|mdifffitid0000043|mdifffitid0000044|mdifffitid0000045|mimgtblid0000055|mprojectid0000002|mprojectid0000021|mprojectid0000022|mprojectid0000023|mprojectid0000039|mprojectid0000041|mprojectid0000042|mviewerid0000019|mviewerid0000038|mviewerid0000057,0.200000,90.904000,0.613737,0.747528,110.602640,0.000000,0.000000,true,29.329000,17,1.597000,"{""bora009"":2,""bora010"":1,""h4d-standard-192-5"":32,""h4d-standard-192-6"":23}","{""bora009"":0.00056,""bora010"":0.000302,""h4d-standard-192-5"":0.01067,""h4d-standard-192-6"":0.00933}",[]
prism_cc_cost,hybrid_homo,22,maddid0000018|maddid0000037|maddid0000056|mbackgroundid0000014|mbackgroundid0000015|mbackgroundid0000032|mbackgroundid0000033|mbackgroundid0000035|mbackgroundid0000051|mbackgroundid0000053|mbgmodelid0000050|mdifffitid0000007|mdifffitid0000008|mdifffitid0000009|mdifffitid0000025|mdifffitid0000043|mdifffitid0000044|mdifffitid0000045|mimgtblid0000055|mprojectid0000002|mprojectid0000021|mprojectid0000022|mprojectid0000023|mprojectid0000039|mprojectid0000041|mprojectid0000042|mviewerid0000019|mviewerid0000038|mviewerid0000057,0.200000,98.963000,0.379316,0.747528,110.602640,0.000000,0.000000,true,29.611000,17,459.817000,"{""bora009"":12,""bora010"":10,""h4d-standard-192-5"":26,""h4d-standard-192-6"":10}","{""bora009"":0.00342,""bora010"":0.004077,""h4d-standard-192-5"":0.009763,""h4d-standard-192-6"":0.008382}","[{""rank"":1,""recommended"":true,""feasible"":true,""budget_used"":0.379316,""budget_violation"":0,""makespan"":98.963,""deadline_violation"":0,""machine_signature"":""53f5b0db496e15ed"",""weighted_score"":0.379316,""diversity_score"":3.551724},{""rank"":2,""recommended"":false,""feasible"":true,""budget_used"":0.47195,""budget_violation"":0,""makespan"":91.133,""deadline_violation"":0,""machine_signature"":""766d9c652ed96747"",""weighted_score"":0.47195,""diversity_score"":3.551724},{""rank"":3,""recommended"":false,""feasible"":true,""budget_used"":0.604793,""budget_violation"":0,""makespan"":90.904,""deadline_violation"":0,""machine_signature"":""e06916e825568b2d"",""weighted_score"":0.604793,""diversity_score"":3.465517},{""rank"":4,""recommended"":false,""feasible"":true,""budget_used"":0.613737,""budget_violation"":0,""makespan"":90.904,""deadline_violation"":0,""machine_signature"":""8e69d84eccd2a765"",""weighted_score"":0.613737,""diversity_score"":3.448276}]"
prism_cc_time,hybrid_homo,22,maddid0000018|maddid0000037|maddid0000056|mbackgroundid0000014|mbackgroundid0000015|mbackgroundid0000032|mbackgroundid0000033|mbackgroundid0000035|mbackgroundid0000051|mbackgroundid0000053|mbgmodelid0000050|mdifffitid0000007|mdifffitid0000008|mdifffitid0000009|mdifffitid0000025|mdifffitid0000043|mdifffitid0000044|mdifffitid0000045|mimgtblid0000055|mprojectid0000002|mprojectid0000021|mprojectid0000022|mprojectid0000023|mprojectid0000039|mprojectid0000041|mprojectid0000042|mviewerid0000019|mviewerid0000038|mviewerid0000057,0.200000,90.904000,0.604793,0.747528,110.602640,0.000000,0.000000,true,29.329000,17,459.817000,"{""bora009"":3,""bora010"":1,""h4d-standard-192-5"":31,""h4d-standard-192-6"":23}","{""bora009"":0.000604,""bora010"":0.000302,""h4d-standard-192-5"":0.010669,""h4d-standard-192-6"":0.00933}","[{""rank"":1,""recommended"":true,""feasible"":true,""budget_used"":0.604793,""budget_violation"":0,""makespan"":90.904,""deadline_violation"":0,""machine_signature"":""e06916e825568b2d"",""weighted_score"":0.918566,""diversity_score"":3.465517},{""rank"":2,""recommended"":false,""feasible"":true,""budget_used"":0.613737,""budget_violation"":0,""makespan"":90.904,""deadline_violation"":0,""machine_signature"":""8e69d84eccd2a765"",""weighted_score"":0.918566,""diversity_score"":3.448276},{""rank"":3,""recommended"":false,""feasible"":true,""budget_used"":0.47195,""budget_violation"":0,""makespan"":91.133,""deadline_violation"":0,""machine_signature"":""766d9c652ed96747"",""weighted_score"":0.92088,""diversity_score"":3.551724},{""rank"":4,""recommended"":false,""feasible"":true,""budget_used"":0.379316,""budget_violation"":0,""makespan"":98.963,""deadline_violation"":0,""machine_signature"":""53f5b0db496e15ed"",""weighted_score"":1,""diversity_score"":3.551724}]"
heft_colocation,cloud_hetero,23,maddid0000018|mbackgroundid0000013|mbackgroundid0000014|mbackgroundid0000015|mbackgroundid0000016|mbackgroundid0000032|mbackgroundid0000033|mbackgroundid0000035|mbackgroundid0000054|mconcatfitid0000011|mdifffitid0000007|mdifffitid0000026|mdifffitid0000029|mdifffitid0000043|mdifffitid0000044|mdifffitid0000045|mdifffitid0000047|mimgtblid0000036|mimgtblid0000055|mprojectid0000001|mprojectid0000002|mprojectid0000003|mprojectid0000004|mprojectid0000022|mprojectid0000023|mprojectid0000041|mprojectid0000042|mviewerid0000038|mviewerid0000057,0.200000,90.960000,0.655213,0.809118,110.678240,0.000000,0.000000,true,42.826000,21,2.096000,"{""h4d-highmem-192-1"":24,""h4d-standard-192-1"":34}","{""h3-standard-88-1"":0,""h3-standard-88-2"":0,""h4d-highmem-192-1"":0.009818,""h4d-standard-192-1"":0.010972}",[]
prism_cc_cost,cloud_hetero,23,maddid0000018|mbackgroundid0000013|mbackgroundid0000014|mbackgroundid0000015|mbackgroundid0000016|mbackgroundid0000032|mbackgroundid0000033|mbackgroundid0000035|mbackgroundid0000054|mconcatfitid0000011|mdifffitid0000007|mdifffitid0000026|mdifffitid0000029|mdifffitid0000043|mdifffitid0000044|mdifffitid0000045|mdifffitid0000047|mimgtblid0000036|mimgtblid0000055|mprojectid0000001|mprojectid0000002|mprojectid0000003|mprojectid0000004|mprojectid0000022|mprojectid0000023|mprojectid0000041|mprojectid0000042|mviewerid0000038|mviewerid0000057,0.200000,99.047000,0.216081,0.809118,110.678240,0.000000,0.000000,true,104.811000,40,375.974000,"{""h4d-standard-192-1"":58}","{""h3-standard-88-1"":0,""h3-standard-88-2"":0,""h4d-highmem-192-1"":0,""h4d-standard-192-1"":0.022352}","[{""rank"":1,""recommended"":true,""feasible"":true,""budget_used"":0.216081,""budget_violation"":0,""makespan"":99.047,""deadline_violation"":0,""machine_signature"":""46252b4271147282"",""weighted_score"":0.216081,""diversity_score"":0},{""rank"":2,""recommended"":false,""feasible"":true,""budget_used"":0.605931,""budget_violation"":0,""makespan"":90.96,""deadline_violation"":0,""machine_signature"":""302edec34a00af64"",""weighted_score"":0.605931,""diversity_score"":1.431034},{""rank"":3,""recommended"":false,""feasible"":true,""budget_used"":0.655213,""budget_violation"":0,""makespan"":90.96,""deadline_violation"":0,""machine_signature"":""8cc25c169ddd20db"",""weighted_score"":0.655213,""diversity_score"":1.413793}]"
prism_cc_time,cloud_hetero,23,maddid0000018|mbackgroundid0000013|mbackgroundid0000014|mbackgroundid0000015|mbackgroundid0000016|mbackgroundid0000032|mbackgroundid0000033|mbackgroundid0000035|mbackgroundid0000054|mconcatfitid0000011|mdifffitid0000007|mdifffitid0000026|mdifffitid0000029|mdifffitid0000043|mdifffitid0000044|mdifffitid0000045|mdifffitid0000047|mimgtblid0000036|mimgtblid0000055|mprojectid0000001|mprojectid0000002|mprojectid0000003|mprojectid0000004|mprojectid0000022|mprojectid0000023|mprojectid0000041|mprojectid0000042|mviewerid0000038|mviewerid0000057,0.200000,90.960000,0.605931,0.809118,110.678240,0.000000,0.000000,true,42.826000,21,375.974000,"{""h4d-highmem-192-1"":25,""h4d-standard-192-1"":33}","{""h3-standard-88-1"":0,""h3-standard-88-2"":0,""h4d-highmem-192-1"":0.009826,""h4d-standard-192-1"":0.010965}","[{""rank"":1,""recommended"":true,""feasible"":true,""budget_used"":0.605931,""budget_violation"":0,""makespan"":90.96,""deadline_violation"":0,""machine_signature"":""302edec34a00af64"",""weighted_score"":0.918352,""diversity_score"":1.431034},{""rank"":2,""recommended"":false,""feasible"":true,""budget_used"":0.655213,""budget_violation"":0,""makespan"":90.96,""deadline_violation"":0,""machine_signature"":""8cc25c169ddd20db"",""weighted_score"":0.918352,""diversity_score"":1.413793},{""rank"":3,""recommended"":false,""feasible"":true,""budget_used"":0.216081,""budget_violation"":0,""makespan"":99.047,""deadline_violation"":0,""machine_signature"":""46252b4271147282"",""weighted_score"":1,""diversity_score"":0}]"
heft_colocation,cloud_homo,23,maddid0000018|mbackgroundid0000013|mbackgroundid0000014|mbackgroundid0000015|mbackgroundid0000016|mbackgroundid0000032|mbackgroundid0000033|mbackgroundid0000035|mbackgroundid0000054|mconcatfitid0000011|mdifffitid0000007|mdifffitid0000026|mdifffitid0000029|mdifffitid0000043|mdifffitid0000044|mdifffitid0000045|mdifffitid0000047|mimgtblid0000036|mimgtblid0000055|mprojectid0000001|mprojectid0000002|mprojectid0000003|mprojectid0000004|mprojectid0000022|mprojectid0000023|mprojectid0000041|mprojectid0000042|mviewerid0000038|mviewerid0000057,0.200000,88.371000,1.116121,1.344726,106.047360,0.000000,0.000000,true,13.196000,8,3.041000,"{""h4d-standard-192-1"":18,""h4d-standard-192-2"":11,""h4d-standard-192-3"":17,""h4d-standard-192-4"":12}","{""h4d-standard-192-1"":0.004549,""h4d-standard-192-2"":0.002667,""h4d-standard-192-3"":0.006288,""h4d-standard-192-4"":0.006149}",[]
prism_cc_cost,cloud_homo,23,maddid0000018|mbackgroundid0000013|mbackgroundid0000014|mbackgroundid0000015|mbackgroundid0000016|mbackgroundid0000032|mbackgroundid0000033|mbackgroundid0000035|mbackgroundid0000054|mconcatfitid0000011|mdifffitid0000007|mdifffitid0000026|mdifffitid0000029|mdifffitid0000043|mdifffitid0000044|mdifffitid0000045|mdifffitid0000047|mimgtblid0000036|mimgtblid0000055|mprojectid0000001|mprojectid0000002|mprojectid0000003|mprojectid0000004|mprojectid0000022|mprojectid0000023|mprojectid0000041|mprojectid0000042|mviewerid0000038|mviewerid0000057,0.200000,97.594000,0.212914,1.344726,106.047360,0.000000,0.000000,true,104.913000,40,419.114000,"{""h4d-standard-192-1"":58}","{""h4d-standard-192-1"":0.022691,""h4d-standard-192-2"":0,""h4d-standard-192-3"":0,""h4d-standard-192-4"":0}","[{""rank"":1,""recommended"":true,""feasible"":true,""budget_used"":0.212914,""budget_violation"":0,""makespan"":97.594,""deadline_violation"":0,""machine_signature"":""d593fe99ce04b4f8"",""weighted_score"":0.190762,""diversity_score"":0},{""rank"":2,""recommended"":false,""feasible"":true,""budget_used"":1.030957,""budget_violation"":0,""makespan"":88.485,""deadline_violation"":0,""machine_signature"":""7a2ce801775bcc92"",""weighted_score"":0.923696,""diversity_score"":3.689655},{""rank"":3,""recommended"":false,""feasible"":true,""budget_used"":1.112771,""budget_violation"":0,""makespan"":88.371,""deadline_violation"":0,""machine_signature"":""bd204a7c7b9a04ba"",""weighted_score"":0.996999,""diversity_score"":3.706897},{""rank"":4,""recommended"":false,""feasible"":true,""budget_used"":1.116121,""budget_violation"":0,""makespan"":88.371,""deadline_violation"":0,""machine_signature"":""868958ca4c727de7"",""weighted_score"":1,""diversity_score"":3.689655}]"
prism_cc_time,cloud_homo,23,maddid0000018|mbackgroundid0000013|mbackgroundid0000014|mbackgroundid0000015|mbackgroundid0000016|mbackgroundid0000032|mbackgroundid0000033|mbackgroundid0000035|mbackgroundid0000054|mconcatfitid0000011|mdifffitid0000007|mdifffitid0000026|mdifffitid0000029|mdifffitid0000043|mdifffitid0000044|mdifffitid0000045|mdifffitid0000047|mimgtblid0000036|mimgtblid0000055|mprojectid0000001|mprojectid0000002|mprojectid0000003|mprojectid0000004|mprojectid0000022|mprojectid0000023|mprojectid0000041|mprojectid0000042|mviewerid0000038|mviewerid0000057,0.200000,88.371000,1.112771,1.344726,106.047360,0.000000,0.000000,true,13.196000,8,419.114000,"{""h4d-standard-192-1"":17,""h4d-standard-192-2"":11,""h4d-standard-192-3"":17,""h4d-standard-192-4"":13}","{""h4d-standard-192-1"":0.004548,""h4d-standard-192-2"":0.002667,""h4d-standard-192-3"":0.006288,""h4d-standard-192-4"":0.006151}","[{""rank"":1,""recommended"":true,""feasible"":true,""budget_used"":1.112771,""budget_violation"":0,""makespan"":88.371,""deadline_violation"":0,""machine_signature"":""bd204a7c7b9a04ba"",""weighted_score"":0.905496,""diversity_score"":3.706897},{""rank"":2,""recommended"":false,""feasible"":true,""budget_used"":1.116121,""budget_violation"":0,""makespan"":88.371,""deadline_violation"":0,""machine_signature"":""868958ca4c727de7"",""weighted_score"":0.905496,""diversity_score"":3.689655},{""rank"":3,""recommended"":false,""feasible"":true,""budget_used"":1.030957,""budget_violation"":0,""makespan"":88.485,""deadline_violation"":0,""machine_signature"":""7a2ce801775bcc92"",""weighted_score"":0.906664,""diversity_score"":3.689655},{""rank"":4,""recommended"":false,""feasible"":true,""budget_used"":0.212914,""budget_violation"":0,""makespan"":97.594,""deadline_violation"":0,""machine_signature"":""d593fe99ce04b4f8"",""weighted_score"":1,""diversity_score"":0}]"
heft_colocation,cluster_hetero,23,maddid0000018|mbackgroundid0000013|mbackgroundid0000014|mbackgroundid0000015|mbackgroundid0000016|mbackgroundid0000032|mbackgroundid0000033|mbackgroundid0000035|mbackgroundid0000054|mconcatfitid0000011|mdifffitid0000007|mdifffitid0000026|mdifffitid0000029|mdifffitid0000043|mdifffitid0000044|mdifffitid0000045|mdifffitid0000047|mimgtblid0000036|mimgtblid0000055|mprojectid0000001|mprojectid0000002|mprojectid0000003|mprojectid0000004|mprojectid0000022|mprojectid0000023|mprojectid0000041|mprojectid0000042|mviewerid0000038|mviewerid0000057,0.200000,281.883000,0.000000,0.000000,346.902440,0.000000,0.000000,true,120.092000,12,1.519000,"{""bora005"":21,""bora006"":26,""diablo01"":5,""diablo02"":6}","{""bora005"":0.088928,""bora006"":0.074682,""diablo01"":0.008481,""diablo02"":0.00769}",[]
prism_cc_cost,cluster_hetero,23,maddid0000018|mbackgroundid0000013|mbackgroundid0000014|mbackgroundid0000015|mbackgroundid0000016|mbackgroundid0000032|mbackgroundid0000033|mbackgroundid0000035|mbackgroundid0000054|mconcatfitid0000011|mdifffitid0000007|mdifffitid0000026|mdifffitid0000029|mdifffitid0000043|mdifffitid0000044|mdifffitid0000045|mdifffitid0000047|mimgtblid0000036|mimgtblid0000055|mprojectid0000001|mprojectid0000002|mprojectid0000003|mprojectid0000004|mprojectid0000022|mprojectid0000023|mprojectid0000041|mprojectid0000042|mviewerid0000038|mviewerid0000057,0.200000,281.883000,0.000000,0.000000,346.902440,0.000000,0.000000,true,118.174000,7,168.335000,"{""bora005"":20,""bora006"":23,""diablo01"":7,""diablo02"":8}","{""bora005"":0.088662,""bora006"":0.073815,""diablo01"":0.008773,""diablo02"":0.008061}","[{""rank"":1,""recommended"":true,""feasible"":true,""budget_used"":0,""budget_violation"":0,""makespan"":281.883,""deadline_violation"":0,""machine_signature"":""ba88df7a81012059"",""weighted_score"":0,""diversity_score"":3.603448},{""rank"":2,""recommended"":false,""feasible"":true,""budget_used"":0,""budget_violation"":0,""makespan"":281.883,""deadline_violation"":0,""machine_signature"":""096abe2b24e5e05d"",""weighted_score"":0,""diversity_score"":3.551724}]"
prism_cc_time,cluster_hetero,23,maddid0000018|mbackgroundid0000013|mbackgroundid0000014|mbackgroundid0000015|mbackgroundid0000016|mbackgroundid0000032|mbackgroundid0000033|mbackgroundid0000035|mbackgroundid0000054|mconcatfitid0000011|mdifffitid0000007|mdifffitid0000026|mdifffitid0000029|mdifffitid0000043|mdifffitid0000044|mdifffitid0000045|mdifffitid0000047|mimgtblid0000036|mimgtblid0000055|mprojectid0000001|mprojectid0000002|mprojectid0000003|mprojectid0000004|mprojectid0000022|mprojectid0000023|mprojectid0000041|mprojectid0000042|mviewerid0000038|mviewerid0000057,0.200000,281.883000,0.000000,0.000000,346.902440,0.000000,0.000000,true,118.174000,7,168.335000,"{""bora005"":20,""bora006"":23,""diablo01"":7,""diablo02"":8}","{""bora005"":0.088662,""bora006"":0.073815,""diablo01"":0.008773,""diablo02"":0.008061}","[{""rank"":1,""recommended"":true,""feasible"":true,""budget_used"":0,""budget_violation"":0,""makespan"":281.883,""deadline_violation"":0,""machine_signature"":""ba88df7a81012059"",""weighted_score"":1,""diversity_score"":3.603448},{""rank"":2,""recommended"":false,""feasible"":true,""budget_used"":0,""budget_violation"":0,""makespan"":281.883,""deadline_violation"":0,""machine_signature"":""096abe2b24e5e05d"",""weighted_score"":1,""diversity_score"":3.551724}]"
heft_colocation,cluster_homo,23,maddid0000018|mbackgroundid0000013|mbackgroundid0000014|mbackgroundid0000015|mbackgroundid0000016|mbackgroundid0000032|mbackgroundid0000033|mbackgroundid0000035|mbackgroundid0000054|mconcatfitid0000011|mdifffitid0000007|mdifffitid0000026|mdifffitid0000029|mdifffitid0000043|mdifffitid0000044|mdifffitid0000045|mdifffitid0000047|mimgtblid0000036|mimgtblid0000055|mprojectid0000001|mprojectid0000002|mprojectid0000003|mprojectid0000004|mprojectid0000022|mprojectid0000023|mprojectid0000041|mprojectid0000042|mviewerid0000038|mviewerid0000057,0.200000,281.326000,0.000000,0.000000,337.591200,0.000000,0.000000,true,72.700000,7,0.830000,"{""bora001"":16,""bora002"":15,""bora003"":16,""bora004"":11}","{""bora001"":0.042089,""bora002"":0.025343,""bora003"":0.058154,""bora004"":0.056745}",[]
prism_cc_cost,cluster_homo,23,maddid0000018|mbackgroundid0000013|mbackgroundid0000014|mbackgroundid0000015|mbackgroundid0000016|mbackgroundid0000032|mbackgroundid0000033|mbackgroundid0000035|mbackgroundid0000054|mconcatfitid0000011|mdifffitid0000007|mdifffitid0000026|mdifffitid0000029|mdifffitid0000043|mdifffitid0000044|mdifffitid0000045|mdifffitid0000047|mimgtblid0000036|mimgtblid0000055|mprojectid0000001|mprojectid0000002|mprojectid0000003|mprojectid0000004|mprojectid0000022|mprojectid0000023|mprojectid0000041|mprojectid0000042|mviewerid0000038|mviewerid0000057,0.200000,281.326000,0.000000,0.000000,337.591200,0.000000,0.000000,true,72.700000,7,171.484000,"{""bora001"":16,""bora002"":15,""bora003"":16,""bora004"":11}","{""bora001"":0.042089,""bora002"":0.025343,""bora003"":0.058154,""bora004"":0.056745}","[{""rank"":1,""recommended"":true,""feasible"":true,""budget_used"":0,""budget_violation"":0,""makespan"":281.326,""deadline_violation"":0,""machine_signature"":""0c7435b7500d4b7a"",""weighted_score"":0,""diversity_score"":3.724138},{""rank"":2,""recommended"":false,""feasible"":true,""budget_used"":0,""budget_violation"":0,""makespan"":281.326,""deadline_violation"":0,""machine_signature"":""9527f083a449d6c0"",""weighted_score"":0,""diversity_score"":3.724138}]"
prism_cc_time,cluster_homo,23,maddid0000018|mbackgroundid0000013|mbackgroundid0000014|mbackgroundid0000015|mbackgroundid0000016|mbackgroundid0000032|mbackgroundid0000033|mbackgroundid0000035|mbackgroundid0000054|mconcatfitid0000011|mdifffitid0000007|mdifffitid0000026|mdifffitid0000029|mdifffitid0000043|mdifffitid0000044|mdifffitid0000045|mdifffitid0000047|mimgtblid0000036|mimgtblid0000055|mprojectid0000001|mprojectid0000002|mprojectid0000003|mprojectid0000004|mprojectid0000022|mprojectid0000023|mprojectid0000041|mprojectid0000042|mviewerid0000038|mviewerid0000057,0.200000,281.326000,0.000000,0.000000,337.591200,0.000000,0.000000,true,72.700000,7,171.484000,"{""bora001"":16,""bora002"":15,""bora003"":16,""bora004"":11}","{""bora001"":0.042089,""bora002"":0.025343,""bora003"":0.058154,""bora004"":0.056745}","[{""rank"":1,""recommended"":true,""feasible"":true,""budget_used"":0,""budget_violation"":0,""makespan"":281.326,""deadline_violation"":0,""machine_signature"":""0c7435b7500d4b7a"",""weighted_score"":1,""diversity_score"":3.724138},{""rank"":2,""recommended"":false,""feasible"":true,""budget_used"":0,""budget_violation"":0,""makespan"":281.326,""deadline_violation"":0,""machine_signature"":""9527f083a449d6c0"",""weighted_score"":1,""diversity_score"":3.724138}]"
heft_colocation,hybrid_hetero,23,maddid0000018|mbackgroundid0000013|mbackgroundid0000014|mbackgroundid0000015|mbackgroundid0000016|mbackgroundid0000032|mbackgroundid0000033|mbackgroundid0000035|mbackgroundid0000054|mconcatfitid0000011|mdifffitid0000007|mdifffitid0000026|mdifffitid0000029|mdifffitid0000043|mdifffitid0000044|mdifffitid0000045|mdifffitid0000047|mimgtblid0000036|mimgtblid0000055|mprojectid0000001|mprojectid0000002|mprojectid0000003|mprojectid0000004|mprojectid0000022|mprojectid0000023|mprojectid0000041|mprojectid0000042|mviewerid0000038|mviewerid0000057,0.200000,96.084000,0.537558,0.507908,117.111320,0.029600,0.000000,false,80.312000,25,1.710000,"{""bora011"":2,""diablo03"":1,""h3-standard-88-2"":15,""h4d-standard-192-7"":40}","{""bora011"":0.00053,""diablo03"":0.0002,""h3-standard-88-2"":0.005654,""h4d-standard-192-7"":0.020363}",[]
prism_cc_cost,hybrid_hetero,23,maddid0000018|mbackgroundid0000013|mbackgroundid0000014|mbackgroundid0000015|mbackgroundid0000016|mbackgroundid0000032|mbackgroundid0000033|mbackgroundid0000035|mbackgroundid0000054|mconcatfitid0000011|mdifffitid0000007|mdifffitid0000026|mdifffitid0000029|mdifffitid0000043|mdifffitid0000044|mdifffitid0000045|mdifffitid0000047|mimgtblid0000036|mimgtblid0000055|mprojectid0000001|mprojectid0000002|mprojectid0000003|mprojectid0000004|mprojectid0000022|mprojectid0000023|mprojectid0000041|mprojectid0000042|mviewerid0000038|mviewerid0000057,0.200000,105.115000,0.302842,0.507908,117.111320,0.000000,0.000000,true,81.569000,26,416.126000,"{""bora011"":19,""diablo03"":12,""h3-standard-88-2"":7,""h4d-standard-192-7"":20}","{""bora011"":0.007939,""diablo03"":0.003324,""h3-standard-88-2"":0.004719,""h4d-standard-192-7"":0.018323}","[{""rank"":1,""recommended"":true,""feasible"":true,""budget_used"":0.302842,""budget_violation"":0,""makespan"":105.115,""deadline_violation"":0,""machine_signature"":""2766397137467ec6"",""weighted_score"":0.302842,""diversity_score"":3.655172},{""rank"":2,""recommended"":false,""feasible"":true,""budget_used"":0.362356,""budget_violation"":0,""makespan"":96.426,""deadline_violation"":0,""machine_signature"":""1f90541fb54710f9"",""weighted_score"":0.362356,""diversity_score"":3.327586},{""rank"":3,""recommended"":false,""feasible"":true,""budget_used"":0.497689,""budget_violation"":0,""makespan"":96.084,""deadline_violation"":0,""machine_signature"":""9ee91ef46dfde58a"",""weighted_score"":0.497689,""diversity_score"":3.310345},{""rank"":4,""recommended"":false,""feasible"":false,""budget_used"":0.537558,""budget_violation"":0.0296,""makespan"":96.084,""deadline_violation"":0,""machine_signature"":""a7e58c260ead2672"",""weighted_score"":0.537558,""diversity_score"":3.310345}]"
prism_cc_time,hybrid_hetero,23,maddid0000018|mbackgroundid0000013|mbackgroundid0000014|mbackgroundid0000015|mbackgroundid0000016|mbackgroundid0000032|mbackgroundid0000033|mbackgroundid0000035|mbackgroundid0000054|mconcatfitid0000011|mdifffitid0000007|mdifffitid0000026|mdifffitid0000029|mdifffitid0000043|mdifffitid0000044|mdifffitid0000045|mdifffitid0000047|mimgtblid0000036|mimgtblid0000055|mprojectid0000001|mprojectid0000002|mprojectid0000003|mprojectid0000004|mprojectid0000022|mprojectid0000023|mprojectid0000041|mprojectid0000042|mviewerid0000038|mviewerid0000057,0.200000,96.084000,0.497689,0.507908,117.111320,0.000000,0.000000,true,80.312000,25,416.126000,"{""bora011"":4,""diablo03"":1,""h3-standard-88-2"":13,""h4d-standard-192-7"":40}","{""bora011"":0.000571,""diablo03"":0.0002,""h3-standard-88-2"":0.005648,""h4d-standard-192-7"":0.020363}","[{""rank"":1,""recommended"":true,""feasible"":true,""budget_used"":0.497689,""budget_violation"":0,""makespan"":96.084,""deadline_violation"":0,""machine_signature"":""9ee91ef46dfde58a"",""weighted_score"":0.914085,""diversity_score"":3.310345},{""rank"":2,""recommended"":false,""feasible"":true,""budget_used"":0.362356,""budget_violation"":0,""makespan"":96.426,""deadline_violation"":0,""machine_signature"":""1f90541fb54710f9"",""weighted_score"":0.917338,""diversity_score"":3.327586},{""rank"":3,""recommended"":false,""feasible"":true,""budget_used"":0.302842,""budget_violation"":0,""makespan"":105.115,""deadline_violation"":0,""machine_signature"":""2766397137467ec6"",""weighted_score"":1,""diversity_score"":3.655172},{""rank"":4,""recommended"":false,""feasible"":false,""budget_used"":0.537558,""budget_violation"":0.0296,""makespan"":96.084,""deadline_violation"":0,""machine_signature"":""a7e58c260ead2672"",""weighted_score"":0.914085,""diversity_score"":3.310345}]"
heft_colocation,hybrid_homo,23,maddid0000018|mbackgroundid0000013|mbackgroundid0000014|mbackgroundid0000015|mbackgroundid0000016|mbackgroundid0000032|mbackgroundid0000033|mbackgroundid0000035|mbackgroundid0000054|mconcatfitid0000011|mdifffitid0000007|mdifffitid0000026|mdifffitid0000029|mdifffitid0000043|mdifffitid0000044|mdifffitid0000045|mdifffitid0000047|mimgtblid0000036|mimgtblid0000055|mprojectid0000001|mprojectid0000002|mprojectid0000003|mprojectid0000004|mprojectid0000022|mprojectid0000023|mprojectid0000041|mprojectid0000042|mviewerid0000038|mviewerid0000057,0.200000,90.904000,0.606158,0.747528,110.602640,0.000000,0.000000,true,42.826000,21,2.094000,"{""bora009"":2,""bora010"":1,""h4d-standard-192-5"":32,""h4d-standard-192-6"":23}","{""bora009"":0.00056,""bora010"":0.000302,""h4d-standard-192-5"":0.010967,""h4d-standard-192-6"":0.009807}",[]
prism_cc_cost,hybrid_homo,23,maddid0000018|mbackgroundid0000013|mbackgroundid0000014|mbackgroundid0000015|mbackgroundid0000016|mbackgroundid0000032|mbackgroundid0000033|mbackgroundid0000035|mbackgroundid0000054|mconcatfitid0000011|mdifffitid0000007|mdifffitid0000026|mdifffitid0000029|mdifffitid0000043|mdifffitid0000044|mdifffitid0000045|mdifffitid0000047|mimgtblid0000036|mimgtblid0000055|mprojectid0000001|mprojectid0000002|mprojectid0000003|mprojectid0000004|mprojectid0000022|mprojectid0000023|mprojectid0000041|mprojectid0000042|mviewerid0000038|mviewerid0000057,0.200000,110.430000,0.363976,0.747528,110.602640,0.000000,0.000000,true,58.466000,21,396.594000,"{""bora009"":22,""bora010"":14,""h4d-standard-192-5"":18,""h4d-standard-192-6"":4}","{""bora009"":0.008529,""bora010"":0.008202,""h4d-standard-192-5"":0.012907,""h4d-standard-192-6"":0.004288}","[{""rank"":1,""recommended"":true,""feasible"":true,""budget_used"":0.363976,""budget_violation"":0,""makespan"":110.43,""deadline_violation"":0,""machine_signature"":""943d8b7eaa19ecef"",""weighted_score"":0.363976,""diversity_score"":3.62069},{""rank"":2,""recommended"":false,""feasible"":true,""budget_used"":0.525588,""budget_violation"":0,""makespan"":90.904,""deadline_violation"":0,""machine_signature"":""5cc6dc8328b4ebb8"",""weighted_score"":0.525588,""diversity_score"":3.482759},{""rank"":3,""recommended"":false,""feasible"":true,""budget_used"":0.606158,""budget_violation"":0,""makespan"":90.904,""deadline_violation"":0,""machine_signature"":""2508181cfa7e175d"",""weighted_score"":0.606158,""diversity_score"":3.448276}]"
prism_cc_time,hybrid_homo,23,maddid0000018|mbackgroundid0000013|mbackgroundid0000014|mbackgroundid0000015|mbackgroundid0000016|mbackgroundid0000032|mbackgroundid0000033|mbackgroundid0000035|mbackgroundid0000054|mconcatfitid0000011|mdifffitid0000007|mdifffitid0000026|mdifffitid0000029|mdifffitid0000043|mdifffitid0000044|mdifffitid0000045|mdifffitid0000047|mimgtblid0000036|mimgtblid0000055|mprojectid0000001|mprojectid0000002|mprojectid0000003|mprojectid0000004|mprojectid0000022|mprojectid0000023|mprojectid0000041|mprojectid0000042|mviewerid0000038|mviewerid0000057,0.200000,90.904000,0.525588,0.747528,110.602640,0.000000,0.000000,true,42.826000,21,396.594000,"{""bora009"":3,""bora010"":3,""h4d-standard-192-5"":30,""h4d-standard-192-6"":22}","{""bora009"":0.000604,""bora010"":0.001207,""h4d-standard-192-5"":0.010958,""h4d-standard-192-6"":0.009784}","[{""rank"":1,""recommended"":true,""feasible"":true,""budget_used"":0.525588,""budget_violation"":0,""makespan"":90.904,""deadline_violation"":0,""machine_signature"":""5cc6dc8328b4ebb8"",""weighted_score"":0.823182,""diversity_score"":3.482759},{""rank"":2,""recommended"":false,""feasible"":true,""budget_used"":0.606158,""budget_violation"":0,""makespan"":90.904,""deadline_violation"":0,""machine_signature"":""2508181cfa7e175d"",""weighted_score"":0.823182,""diversity_score"":3.448276},{""rank"":3,""recommended"":false,""feasible"":true,""budget_used"":0.363976,""budget_violation"":0,""makespan"":110.43,""deadline_violation"":0,""machine_signature"":""943d8b7eaa19ecef"",""weighted_score"":1,""diversity_score"":3.62069}]"
heft_colocation,cloud_hetero,24,maddid0000037|maddid0000056|mbackgroundid0000032|mbackgroundid0000034|mbackgroundid0000035|mbgmodelid0000012|mbgmodelid0000050|mconcatfitid0000011|mconcatfitid0000049|mdifffitid0000006|mdifffitid0000007|mdifffitid0000008|mdifffitid0000009|mdifffitid0000010|mdifffitid0000024|mdifffitid0000025|mdifffitid0000028|mdifffitid0000045|mdifffitid0000046|mdifffitid0000047|mimgtblid0000017|mprojectid0000003|mprojectid0000004|mprojectid0000021|mprojectid0000022|mprojectid0000039|mprojectid0000041|mviewerid0000019|mviewerid0000038,0.200000,90.960000,0.671978,0.809118,110.678240,0.000000,0.000000,true,17.922000,15,1.923000,"{""h4d-highmem-192-1"":25,""h4d-standard-192-1"":33}","{""h3-standard-88-1"":0,""h3-standard-88-2"":0,""h4d-highmem-192-1"":0.009766,""h4d-standard-192-1"":0.009598}",[]
prism_cc_cost,cloud_hetero,24,maddid0000037|maddid0000056|mbackgroundid0000032|mbackgroundid0000034|mbackgroundid0000035|mbgmodelid0000012|mbgmodelid0000050|mconcatfitid0000011|mconcatfitid0000049|mdifffitid0000006|mdifffitid0000007|mdifffitid0000008|mdifffitid0000009|mdifffitid0000010|mdifffitid0000024|mdifffitid0000025|mdifffitid0000028|mdifffitid0000045|mdifffitid0000046|mdifffitid0000047|mimgtblid0000017|mprojectid0000003|mprojectid0000004|mprojectid0000021|mprojectid0000022|mprojectid0000039|mprojectid0000041|mviewerid0000019|mviewerid0000038,0.200000,94.519000,0.206201,0.809118,110.678240,0.000000,0.000000,true,47.731000,36,399.053000,"{""h4d-standard-192-1"":58}","{""h3-standard-88-1"":0,""h3-standard-88-2"":0,""h4d-highmem-192-1"":0,""h4d-standard-192-1"":0.020278}","[{""rank"":1,""recommended"":true,""feasible"":true,""budget_used"":0.206201,""budget_violation"":0,""makespan"":94.519,""deadline_violation"":0,""machine_signature"":""7a4c7b294dacb03a"",""weighted_score"":0.206201,""diversity_score"":0},{""rank"":2,""recommended"":false,""feasible"":true,""budget_used"":0.668605,""budget_violation"":0,""makespan"":90.96,""deadline_violation"":0,""machine_signature"":""9a1e1eac4bad3502"",""weighted_score"":0.668605,""diversity_score"":1.448276},{""rank"":3,""recommended"":false,""feasible"":true,""budget_used"":0.671978,""budget_violation"":0,""makespan"":90.96,""deadline_violation"":0,""machine_signature"":""bec3487ddab10f44"",""weighted_score"":0.671978,""diversity_score"":1.431034}]"
prism_cc_time,cloud_hetero,24,maddid0000037|maddid0000056|mbackgroundid0000032|mbackgroundid0000034|mbackgroundid0000035|mbgmodelid0000012|mbgmodelid0000050|mconcatfitid0000011|mconcatfitid0000049|mdifffitid0000006|mdifffitid0000007|mdifffitid0000008|mdifffitid0000009|mdifffitid0000010|mdifffitid0000024|mdifffitid0000025|mdifffitid0000028|mdifffitid0000045|mdifffitid0000046|mdifffitid0000047|mimgtblid0000017|mprojectid0000003|mprojectid0000004|mprojectid0000021|mprojectid0000022|mprojectid0000039|mprojectid0000041|mviewerid0000019|mviewerid0000038,0.200000,90.960000,0.668605,0.809118,110.678240,0.000000,0.000000,true,17.922000,15,399.053000,"{""h4d-highmem-192-1"":26,""h4d-standard-192-1"":32}","{""h3-standard-88-1"":0,""h3-standard-88-2"":0,""h4d-highmem-192-1"":0.009767,""h4d-standard-192-1"":0.009597}","[{""rank"":1,""recommended"":true,""feasible"":true,""budget_used"":0.668605,""budget_violation"":0,""makespan"":90.96,""deadline_violation"":0,""machine_signature"":""9a1e1eac4bad3502"",""weighted_score"":0.962346,""diversity_score"":1.448276},{""rank"":2,""recommended"":false,""feasible"":true,""budget_used"":0.671978,""budget_violation"":0,""makespan"":90.96,""deadline_violation"":0,""machine_signature"":""bec3487ddab10f44"",""weighted_score"":0.962346,""diversity_score"":1.431034},{""rank"":3,""recommended"":false,""feasible"":true,""budget_used"":0.206201,""budget_violation"":0,""makespan"":94.519,""deadline_violation"":0,""machine_signature"":""7a4c7b294dacb03a"",""weighted_score"":1,""diversity_score"":0}]"
heft_colocation,cloud_homo,24,maddid0000037|maddid0000056|mbackgroundid0000032|mbackgroundid0000034|mbackgroundid0000035|mbgmodelid0000012|mbgmodelid0000050|mconcatfitid0000011|mconcatfitid0000049|mdifffitid0000006|mdifffitid0000007|mdifffitid0000008|mdifffitid0000009|mdifffitid0000010|mdifffitid0000024|mdifffitid0000025|mdifffitid0000028|mdifffitid0000045|mdifffitid0000046|mdifffitid0000047|mimgtblid0000017|mprojectid0000003|mprojectid0000004|mprojectid0000021|mprojectid0000022|mprojectid0000039|mprojectid0000041|mviewerid0000019|mviewerid0000038,0.200000,88.371000,1.108503,1.344726,106.047360,0.000000,0.000000,true,4.939000,6,3.763000,"{""h4d-standard-192-1"":19,""h4d-standard-192-2"":11,""h4d-standard-192-3"":17,""h4d-standard-192-4"":11}","{""h4d-standard-192-1"":0.005679,""h4d-standard-192-2"":0.004191,""h4d-standard-192-3"":0.004499,""h4d-standard-192-4"":0.004796}",[]
prism_cc_cost,cloud_homo,24,maddid0000037|maddid0000056|mbackgroundid0000032|mbackgroundid0000034|mbackgroundid0000035|mbgmodelid0000012|mbgmodelid0000050|mconcatfitid0000011|mconcatfitid0000049|mdifffitid0000006|mdifffitid0000007|mdifffitid0000008|mdifffitid0000009|mdifffitid0000010|mdifffitid0000024|mdifffitid0000025|mdifffitid0000028|mdifffitid0000045|mdifffitid0000046|mdifffitid0000047|mimgtblid0000017|mprojectid0000003|mprojectid0000004|mprojectid0000021|mprojectid0000022|mprojectid0000039|mprojectid0000041|mviewerid0000019|mviewerid0000038,0.200000,92.879000,0.202626,1.344726,106.047360,0.000000,0.000000,true,47.696000,38,375.041000,"{""h4d-standard-192-1"":58}","{""h4d-standard-192-1"":0.020634,""h4d-standard-192-2"":0,""h4d-standard-192-3"":0,""h4d-standard-192-4"":0}","[{""rank"":1,""recommended"":true,""feasible"":true,""budget_used"":0.202626,""budget_violation"":0,""makespan"":92.879,""deadline_violation"":0,""machine_signature"":""9162484406b2483f"",""weighted_score"":0.182792,""diversity_score"":0},{""rank"":2,""recommended"":false,""feasible"":true,""budget_used"":1.105151,""budget_violation"":0,""makespan"":88.371,""deadline_violation"":0,""machine_signature"":""572f034dafab4e98"",""weighted_score"":0.996976,""diversity_score"":3.689655},{""rank"":3,""recommended"":false,""feasible"":true,""budget_used"":1.108503,""budget_violation"":0,""makespan"":88.371,""deadline_violation"":0,""machine_signature"":""4d460291b5a1adb5"",""weighted_score"":1,""diversity_score"":3.672414}]"
prism_cc_time,cloud_homo,24,maddid0000037|maddid0000056|mbackgroundid0000032|mbackgroundid0000034|mbackgroundid0000035|mbgmodelid0000012|mbgmodelid0000050|mconcatfitid0000011|mconcatfitid0000049|mdifffitid0000006|mdifffitid0000007|mdifffitid0000008|mdifffitid0000009|mdifffitid0000010|mdifffitid0000024|mdifffitid0000025|mdifffitid0000028|mdifffitid0000045|mdifffitid0000046|mdifffitid0000047|mimgtblid0000017|mprojectid0000003|mprojectid0000004|mprojectid0000021|mprojectid0000022|mprojectid0000039|mprojectid0000041|mviewerid0000019|mviewerid0000038,0.200000,88.371000,1.105151,1.344726,106.047360,0.000000,0.000000,true,4.939000,6,375.041000,"{""h4d-standard-192-1"":18,""h4d-standard-192-2"":11,""h4d-standard-192-3"":17,""h4d-standard-192-4"":12}","{""h4d-standard-192-1"":0.005678,""h4d-standard-192-2"":0.004191,""h4d-standard-192-3"":0.004499,""h4d-standard-192-4"":0.004798}","[{""rank"":1,""recommended"":true,""feasible"":true,""budget_used"":1.105151,""budget_violation"":0,""makespan"":88.371,""deadline_violation"":0,""machine_signature"":""572f034dafab4e98"",""weighted_score"":0.951464,""diversity_score"":3.689655},{""rank"":2,""recommended"":false,""feasible"":true,""budget_used"":1.108503,""budget_violation"":0,""makespan"":88.371,""deadline_violation"":0,""machine_signature"":""4d460291b5a1adb5"",""weighted_score"":0.951464,""diversity_score"":3.672414},{""rank"":3,""recommended"":false,""feasible"":true,""budget_used"":0.202626,""budget_violation"":0,""makespan"":92.879,""deadline_violation"":0,""machine_signature"":""9162484406b2483f"",""weighted_score"":1,""diversity_score"":0}]"
heft_colocation,cluster_hetero,24,maddid0000037|maddid0000056|mbackgroundid0000032|mbackgroundid0000034|mbackgroundid0000035|mbgmodelid0000012|mbgmodelid0000050|mconcatfitid0000011|mconcatfitid0000049|mdifffitid0000006|mdifffitid0000007|mdifffitid0000008|mdifffitid0000009|mdifffitid0000010|mdifffitid0000024|mdifffitid0000025|mdifffitid0000028|mdifffitid0000045|mdifffitid0000046|mdifffitid0000047|mimgtblid0000017|mprojectid0000003|mprojectid0000004|mprojectid0000021|mprojectid0000022|mprojectid0000039|mprojectid0000041|mviewerid0000019|mviewerid0000038,0.200000,281.883000,0.000000,0.000000,346.902440,0.000000,0.000000,true,46.044000,6,1.066000,"{""bora005"":19,""bora006"":26,""diablo01"":7,""diablo02"":6}","{""bora005"":0.089568,""bora006"":0.075585,""diablo01"":0.004109,""diablo02"":0.005855}",[]
prism_cc_cost,cluster_hetero,24,maddid0000037|maddid0000056|mbackgroundid0000032|mbackgroundid0000034|mbackgroundid0000035|mbgmodelid0000012|mbgmodelid0000050|mconcatfitid0000011|mconcatfitid0000049|mdifffitid0000006|mdifffitid0000007|mdifffitid0000008|mdifffitid0000009|mdifffitid0000010|mdifffitid0000024|mdifffitid0000025|mdifffitid0000028|mdifffitid0000045|mdifffitid0000046|mdifffitid0000047|mimgtblid0000017|mprojectid0000003|mprojectid0000004|mprojectid0000021|mprojectid0000022|mprojectid0000039|mprojectid0000041|mviewerid0000019|mviewerid0000038,0.200000,281.883000,0.000000,0.000000,346.902440,0.000000,0.000000,true,26.411000,4,173.981000,"{""bora005"":18,""bora006"":26,""diablo01"":7,""diablo02"":7}","{""bora005"":0.084687,""bora006"":0.06908,""diablo01"":0.008676,""diablo02"":0.007924}","[{""rank"":1,""recommended"":true,""feasible"":true,""budget_used"":0,""budget_violation"":0,""makespan"":281.883,""deadline_violation"":0,""machine_signature"":""06749deebeb98386"",""weighted_score"":0,""diversity_score"":3.551724},{""rank"":2,""recommended"":false,""feasible"":true,""budget_used"":0,""budget_violation"":0,""makespan"":281.883,""deadline_violation"":0,""machine_signature"":""f92bd80b87793f9b"",""weighted_score"":0,""diversity_score"":3.551724}]"
prism_cc_time,cluster_hetero,24,maddid0000037|maddid0000056|mbackgroundid0000032|mbackgroundid0000034|mbackgroundid0000035|mbgmodelid0000012|mbgmodelid0000050|mconcatfitid0000011|mconcatfitid0000049|mdifffitid0000006|mdifffitid0000007|mdifffitid0000008|mdifffitid0000009|mdifffitid0000010|mdifffitid0000024|mdifffitid0000025|mdifffitid0000028|mdifffitid0000045|mdifffitid0000046|mdifffitid0000047|mimgtblid0000017|mprojectid0000003|mprojectid0000004|mprojectid0000021|mprojectid0000022|mprojectid0000039|mprojectid0000041|mviewerid0000019|mviewerid0000038,0.200000,281.883000,0.000000,0.000000,346.902440,0.000000,0.000000,true,26.411000,4,173.981000,"{""bora005"":18,""bora006"":26,""diablo01"":7,""diablo02"":7}","{""bora005"":0.084687,""bora006"":0.06908,""diablo01"":0.008676,""diablo02"":0.007924}","[{""rank"":1,""recommended"":true,""feasible"":true,""budget_used"":0,""budget_violation"":0,""makespan"":281.883,""deadline_violation"":0,""machine_signature"":""06749deebeb98386"",""weighted_score"":1,""diversity_score"":3.551724},{""rank"":2,""recommended"":false,""feasible"":true,""budget_used"":0,""budget_violation"":0,""makespan"":281.883,""deadline_violation"":0,""machine_signature"":""f92bd80b87793f9b"",""weighted_score"":1,""diversity_score"":3.551724}]"
heft_colocation,cluster_homo,24,maddid0000037|maddid0000056|mbackgroundid0000032|mbackgroundid0000034|mbackgroundid0000035|mbgmodelid0000012|mbgmodelid0000050|mconcatfitid0000011|mconcatfitid0000049|mdifffitid0000006|mdifffitid0000007|mdifffitid0000008|mdifffitid0000009|mdifffitid0000010|mdifffitid0000024|mdifffitid0000025|mdifffitid0000028|mdifffitid0000045|mdifffitid0000046|mdifffitid0000047|mimgtblid0000017|mprojectid0000003|mprojectid0000004|mprojectid0000021|mprojectid0000022|mprojectid0000039|mprojectid0000041|mviewerid0000019|mviewerid0000038,0.200000,281.326000,0.000000,0.000000,337.591200,0.000000,0.000000,true,26.662000,5,0.790000,"{""bora001"":17,""bora002"":19,""bora003"":12,""bora004"":10}","{""bora001"":0.052642,""bora002"":0.040453,""bora003"":0.040595,""bora004"":0.044094}",[]
prism_cc_cost,cluster_homo,24,maddid0000037|maddid0000056|mbackgroundid0000032|mbackgroundid0000034|mbackgroundid0000035|mbgmodelid0000012|mbgmodelid0000050|mconcatfitid0000011|mconcatfitid0000049|mdifffitid0000006|mdifffitid0000007|mdifffitid0000008|mdifffitid0000009|mdifffitid0000010|mdifffitid0000024|mdifffitid0000025|mdifffitid0000028|mdifffitid0000045|mdifffitid0000046|mdifffitid0000047|mimgtblid0000017|mprojectid0000003|mprojectid0000004|mprojectid0000021|mprojectid0000022|mprojectid0000039|mprojectid0000041|mviewerid0000019|mviewerid0000038,0.200000,281.326000,0.000000,0.000000,337.591200,0.000000,0.000000,true,26.408000,4,198.648000,"{""bora001"":18,""bora002"":18,""bora003"":12,""bora004"":10}","{""bora001"":0.052768,""bora002"":0.040303,""bora003"":0.040595,""bora004"":0.044094}","[{""rank"":1,""recommended"":true,""feasible"":true,""budget_used"":0,""budget_violation"":0,""makespan"":281.326,""deadline_violation"":0,""machine_signature"":""08f47e40831c12d5"",""weighted_score"":0,""diversity_score"":3.689655},{""rank"":2,""recommended"":false,""feasible"":true,""budget_used"":0,""budget_violation"":0,""makespan"":281.326,""deadline_violation"":0,""machine_signature"":""75f8d9be0595101e"",""weighted_score"":0,""diversity_score"":3.672414}]"
prism_cc_time,cluster_homo,24,maddid0000037|maddid0000056|mbackgroundid0000032|mbackgroundid0000034|mbackgroundid0000035|mbgmodelid0000012|mbgmodelid0000050|mconcatfitid0000011|mconcatfitid0000049|mdifffitid0000006|mdifffitid0000007|mdifffitid0000008|mdifffitid0000009|mdifffitid0000010|mdifffitid0000024|mdifffitid0000025|mdifffitid0000028|mdifffitid0000045|mdifffitid0000046|mdifffitid0000047|mimgtblid0000017|mprojectid0000003|mprojectid0000004|mprojectid0000021|mprojectid0000022|mprojectid0000039|mprojectid0000041|mviewerid0000019|mviewerid0000038,0.200000,281.326000,0.000000,0.000000,337.591200,0.000000,0.000000,true,26.408000,4,198.648000,"{""bora001"":18,""bora002"":18,""bora003"":12,""bora004"":10}","{""bora001"":0.052768,""bora002"":0.040303,""bora003"":0.040595,""bora004"":0.044094}","[{""rank"":1,""recommended"":true,""feasible"":true,""budget_used"":0,""budget_violation"":0,""makespan"":281.326,""deadline_violation"":0,""machine_signature"":""08f47e40831c12d5"",""weighted_score"":1,""diversity_score"":3.689655},{""rank"":2,""recommended"":false,""feasible"":true,""budget_used"":0,""budget_violation"":0,""makespan"":281.326,""deadline_violation"":0,""machine_signature"":""75f8d9be0595101e"",""weighted_score"":1,""diversity_score"":3.672414}]"
heft_colocation,hybrid_hetero,24,maddid0000037|maddid0000056|mbackgroundid0000032|mbackgroundid0000034|mbackgroundid0000035|mbgmodelid0000012|mbgmodelid0000050|mconcatfitid0000011|mconcatfitid0000049|mdifffitid0000006|mdifffitid0000007|mdifffitid0000008|mdifffitid0000009|mdifffitid0000010|mdifffitid0000024|mdifffitid0000025|mdifffitid0000028|mdifffitid0000045|mdifffitid0000046|mdifffitid0000047|mimgtblid0000017|mprojectid0000003|mprojectid0000004|mprojectid0000021|mprojectid0000022|mprojectid0000039|mprojectid0000041|mviewerid0000019|mviewerid0000038,0.200000,91.837000,0.446147,0.507908,117.111320,0.000000,0.000000,true,38.489000,31,1.662000,"{""bora011"":2,""diablo03"":1,""h3-standard-88-2"":9,""h4d-standard-192-7"":46}","{""bora011"":0.000555,""diablo03"":0.00021,""h3-standard-88-2"":0.002968,""h4d-standard-192-7"":0.019622}",[]
prism_cc_cost,hybrid_hetero,24,maddid0000037|maddid0000056|mbackgroundid0000032|mbackgroundid0000034|mbackgroundid0000035|mbgmodelid0000012|mbgmodelid0000050|mconcatfitid0000011|mconcatfitid0000049|mdifffitid0000006|mdifffitid0000007|mdifffitid0000008|mdifffitid0000009|mdifffitid0000010|mdifffitid0000024|mdifffitid0000025|mdifffitid0000028|mdifffitid0000045|mdifffitid0000046|mdifffitid0000047|mimgtblid0000017|mprojectid0000003|mprojectid0000004|mprojectid0000021|mprojectid0000022|mprojectid0000039|mprojectid0000041|mviewerid0000019|mviewerid0000038,0.200000,105.118000,0.127928,0.507908,117.111320,0.000000,0.000000,true,40.449000,19,392.129000,"{""bora011"":24,""diablo03"":20,""h4d-standard-192-7"":14}","{""bora011"":0.025411,""diablo03"":0.006632,""h3-standard-88-2"":0,""h4d-standard-192-7"":0.016552}","[{""rank"":1,""recommended"":true,""feasible"":true,""budget_used"":0.127928,""budget_violation"":0,""makespan"":105.118,""deadline_violation"":0,""machine_signature"":""84712634c067b651"",""weighted_score"":0.127928,""diversity_score"":2.586207},{""rank"":2,""recommended"":false,""feasible"":true,""budget_used"":0.344159,""budget_violation"":0,""makespan"":92.041,""deadline_violation"":0,""machine_signature"":""3ec35b5f27962506"",""weighted_score"":0.344159,""diversity_score"":3.172414},{""rank"":3,""recommended"":false,""feasible"":true,""budget_used"":0.427348,""budget_violation"":0,""makespan"":91.837,""deadline_violation"":0,""machine_signature"":""7b3ab5434bfa1585"",""weighted_score"":0.427348,""diversity_score"":3.206897},{""rank"":4,""recommended"":false,""feasible"":true,""budget_used"":0.446147,""budget_violation"":0,""makespan"":91.837,""deadline_violation"":0,""machine_signature"":""ff7e7214ae4bc3bb"",""weighted_score"":0.446147,""diversity_score"":3.206897}]"
prism_cc_time,hybrid_hetero,24,maddid0000037|maddid0000056|mbackgroundid0000032|mbackgroundid0000034|mbackgroundid0000035|mbgmodelid0000012|mbgmodelid0000050|mconcatfitid0000011|mconcatfitid0000049|mdifffitid0000006|mdifffitid0000007|mdifffitid0000008|mdifffitid0000009|mdifffitid0000010|mdifffitid0000024|mdifffitid0000025|mdifffitid0000028|mdifffitid0000045|mdifffitid0000046|mdifffitid0000047|mimgtblid0000017|mprojectid0000003|mprojectid0000004|mprojectid0000021|mprojectid0000022|mprojectid0000039|mprojectid0000041|mviewerid0000019|mviewerid0000038,0.200000,91.837000,0.427348,0.507908,117.111320,0.000000,0.000000,true,38.489000,31,392.129000,"{""bora011"":3,""diablo03"":1,""h3-standard-88-2"":8,""h4d-standard-192-7"":46}","{""bora011"":0.000597,""diablo03"":0.00021,""h3-standard-88-2"":0.002962,""h4d-standard-192-7"":0.019622}","[{""rank"":1,""recommended"":true,""feasible"":true,""budget_used"":0.427348,""budget_violation"":0,""makespan"":91.837,""deadline_violation"":0,""machine_signature"":""7b3ab5434bfa1585"",""weighted_score"":0.873656,""diversity_score"":3.206897},{""rank"":2,""recommended"":false,""feasible"":true,""budget_used"":0.446147,""budget_violation"":0,""makespan"":91.837,""deadline_violation"":0,""machine_signature"":""ff7e7214ae4bc3bb"",""weighted_score"":0.873656,""diversity_score"":3.206897},{""rank"":3,""recommended"":false,""feasible"":true,""budget_used"":0.344159,""budget_violation"":0,""makespan"":92.041,""deadline_violation"":0,""machine_signature"":""3ec35b5f27962506"",""weighted_score"":0.875597,""diversity_score"":3.172414},{""rank"":4,""recommended"":false,""feasible"":true,""budget_used"":0.127928,""budget_violation"":0,""makespan"":105.118,""deadline_violation"":0,""machine_signature"":""84712634c067b651"",""weighted_score"":1,""diversity_score"":2.586207}]"
heft_colocation,hybrid_homo,24,maddid0000037|maddid0000056|mbackgroundid0000032|mbackgroundid0000034|mbackgroundid0000035|mbgmodelid0000012|mbgmodelid0000050|mconcatfitid0000011|mconcatfitid0000049|mdifffitid0000006|mdifffitid0000007|mdifffitid0000008|mdifffitid0000009|mdifffitid0000010|mdifffitid0000024|mdifffitid0000025|mdifffitid0000028|mdifffitid0000045|mdifffitid0000046|mdifffitid0000047|mimgtblid0000017|mprojectid0000003|mprojectid0000004|mprojectid0000021|mprojectid0000022|mprojectid0000039|mprojectid0000041|mviewerid0000019|mviewerid0000038,0.200000,90.904000,0.622919,0.747528,110.602640,0.000000,0.000000,true,17.968000,16,1.679000,"{""bora009"":2,""bora010"":1,""h4d-standard-192-5"":31,""h4d-standard-192-6"":24}","{""bora009"":0.00056,""bora010"":0.000302,""h4d-standard-192-5"":0.009595,""h4d-standard-192-6"":0.009754}",[]
prism_cc_cost,hybrid_homo,24,maddid0000037|maddid0000056|mbackgroundid0000032|mbackgroundid0000034|mbackgroundid0000035|mbgmodelid0000012|mbgmodelid0000050|mconcatfitid0000011|mconcatfitid0000049|mdifffitid0000006|mdifffitid0000007|mdifffitid0000008|mdifffitid0000009|mdifffitid0000010|mdifffitid0000024|mdifffitid0000025|mdifffitid0000028|mdifffitid0000045|mdifffitid0000046|mdifffitid0000047|mimgtblid0000017|mprojectid0000003|mprojectid0000004|mprojectid0000021|mprojectid0000022|mprojectid0000039|mprojectid0000041|mviewerid0000019|mviewerid0000038,0.200000,105.430000,0.249215,0.747528,110.602640,0.000000,0.000000,true,31.041000,17,409.593000,"{""bora009"":20,""bora010"":19,""h4d-standard-192-5"":18,""h4d-standard-192-6"":1}","{""bora009"":0.009491,""bora010"":0.009542,""h4d-standard-192-5"":0.014635,""h4d-standard-192-6"":0.001937}","[{""rank"":1,""recommended"":true,""feasible"":true,""budget_used"":0.249215,""budget_violation"":0,""makespan"":105.43,""deadline_violation"":0,""machine_signature"":""a93b15b4ec374547"",""weighted_score"":0.249215,""diversity_score"":3.655172},{""rank"":2,""recommended"":false,""feasible"":true,""budget_used"":0.328833,""budget_violation"":0,""makespan"":97.464,""deadline_violation"":0,""machine_signature"":""6e10c93dabe38719"",""weighted_score"":0.328833,""diversity_score"":3.517241},{""rank"":3,""recommended"":false,""feasible"":true,""budget_used"":0.437251,""budget_violation"":0,""makespan"":90.973,""deadline_violation"":0,""machine_signature"":""3c97007a616b789d"",""weighted_score"":0.437251,""diversity_score"":3.465517},{""rank"":4,""recommended"":false,""feasible"":true,""budget_used"":0.613977,""budget_violation"":0,""makespan"":90.904,""deadline_violation"":0,""machine_signature"":""91b666f3bd1f24f4"",""weighted_score"":0.613977,""diversity_score"":3.482759},{""rank"":5,""recommended"":false,""feasible"":true,""budget_used"":0.622919,""budget_violation"":0,""makespan"":90.904,""deadline_violation"":0,""machine_signature"":""fcf0235eec390ff4"",""weighted_score"":0.622919,""diversity_score"":3.465517}]"
prism_cc_time,hybrid_homo,24,maddid0000037|maddid0000056|mbackgroundid0000032|mbackgroundid0000034|mbackgroundid0000035|mbgmodelid0000012|mbgmodelid0000050|mconcatfitid0000011|mconcatfitid0000049|mdifffitid0000006|mdifffitid0000007|mdifffitid0000008|mdifffitid0000009|mdifffitid0000010|mdifffitid0000024|mdifffitid0000025|mdifffitid0000028|mdifffitid0000045|mdifffitid0000046|mdifffitid0000047|mimgtblid0000017|mprojectid0000003|mprojectid0000004|mprojectid0000021|mprojectid0000022|mprojectid0000039|mprojectid0000041|mviewerid0000019|mviewerid0000038,0.200000,90.904000,0.613977,0.747528,110.602640,0.000000,0.000000,true,17.968000,16,409.593000,"{""bora009"":3,""bora010"":1,""h4d-standard-192-5"":30,""h4d-standard-192-6"":24}","{""bora009"":0.000604,""bora010"":0.000302,""h4d-standard-192-5"":0.009594,""h4d-standard-192-6"":0.009754}","[{""rank"":1,""recommended"":true,""feasible"":true,""budget_used"":0.613977,""budget_violation"":0,""makespan"":90.904,""deadline_violation"":0,""machine_signature"":""91b666f3bd1f24f4"",""weighted_score"":0.862221,""diversity_score"":3.482759},{""rank"":2,""recommended"":false,""feasible"":true,""budget_used"":0.622919,""budget_violation"":0,""makespan"":90.904,""deadline_violation"":0,""machine_signature"":""fcf0235eec390ff4"",""weighted_score"":0.862221,""diversity_score"":3.465517},{""rank"":3,""recommended"":false,""feasible"":true,""budget_used"":0.437251,""budget_violation"":0,""makespan"":90.973,""deadline_violation"":0,""machine_signature"":""3c97007a616b789d"",""weighted_score"":0.862876,""diversity_score"":3.465517},{""rank"":4,""recommended"":false,""feasible"":true,""budget_used"":0.328833,""budget_violation"":0,""makespan"":97.464,""deadline_violation"":0,""machine_signature"":""6e10c93dabe38719"",""weighted_score"":0.924443,""diversity_score"":3.517241},{""rank"":5,""recommended"":false,""feasible"":true,""budget_used"":0.249215,""budget_violation"":0,""makespan"":105.43,""deadline_violation"":0,""machine_signature"":""a93b15b4ec374547"",""weighted_score"":1,""diversity_score"":3.655172}]"
heft_colocation,cloud_hetero,25,maddid0000037|maddid0000056|mbackgroundid0000013|mbackgroundid0000015|mbackgroundid0000054|mbgmodelid0000012|mbgmodelid0000031|mbgmodelid0000050|mconcatfitid0000011|mdifffitid0000006|mdifffitid0000026|mdifffitid0000027|mdifffitid0000028|mdifffitid0000029|mdifffitid0000043|mdifffitid0000046|mdifffitid0000047|mdifffitid0000048|mimgtblid0000017|mimgtblid0000036|mimgtblid0000055|mprojectid0000001|mprojectid0000002|mprojectid0000004|mprojectid0000020|mprojectid0000021|mprojectid0000042|mviewerid0000019|mviewerid0000038,0.200000,90.960000,0.679387,0.809118,110.678240,0.000000,0.000000,true,15.165000,11,2.153000,"{""h4d-highmem-192-1"":27,""h4d-standard-192-1"":31}","{""h3-standard-88-1"":0,""h3-standard-88-2"":0,""h4d-highmem-192-1"":0.010253,""h4d-standard-192-1"":0.008954}",[]
prism_cc_cost,cloud_hetero,25,maddid0000037|maddid0000056|mbackgroundid0000013|mbackgroundid0000015|mbackgroundid0000054|mbgmodelid0000012|mbgmodelid0000031|mbgmodelid0000050|mconcatfitid0000011|mdifffitid0000006|mdifffitid0000026|mdifffitid0000027|mdifffitid0000028|mdifffitid0000029|mdifffitid0000043|mdifffitid0000046|mdifffitid0000047|mdifffitid0000048|mimgtblid0000017|mimgtblid0000036|mimgtblid0000055|mprojectid0000001|mprojectid0000002|mprojectid0000004|mprojectid0000020|mprojectid0000021|mprojectid0000042|mviewerid0000019|mviewerid0000038,0.200000,99.047000,0.216078,0.809118,110.678240,0.000000,0.000000,true,43.417000,34,377.730000,"{""h4d-standard-192-1"":58}","{""h3-standard-88-1"":0,""h3-standard-88-2"":0,""h4d-highmem-192-1"":0,""h4d-standard-192-1"":0.019124}","[{""rank"":1,""recommended"":true,""feasible"":true,""budget_used"":0.216078,""budget_violation"":0,""makespan"":99.047,""deadline_violation"":0,""machine_signature"":""6208013f1b8c86e7"",""weighted_score"":0.216078,""diversity_score"":0},{""rank"":2,""recommended"":false,""feasible"":true,""budget_used"":0.530945,""budget_violation"":0,""makespan"":90.96,""deadline_violation"":0,""machine_signature"":""732546e13378a667"",""weighted_score"":0.530945,""diversity_score"":1.258621},{""rank"":3,""recommended"":false,""feasible"":true,""budget_used"":0.676013,""budget_violation"":0,""makespan"":90.96,""deadline_violation"":0,""machine_signature"":""c3a9995cd6d91385"",""weighted_score"":0.676013,""diversity_score"":1.482759},{""rank"":4,""recommended"":false,""feasible"":true,""budget_used"":0.679387,""budget_violation"":0,""makespan"":90.96,""deadline_violation"":0,""machine_signature"":""04825590ca139ea9"",""weighted_score"":0.679387,""diversity_score"":1.465517}]"
prism_cc_time,cloud_hetero,25,maddid0000037|maddid0000056|mbackgroundid0000013|mbackgroundid0000015|mbackgroundid0000054|mbgmodelid0000012|mbgmodelid0000031|mbgmodelid0000050|mconcatfitid0000011|mdifffitid0000006|mdifffitid0000026|mdifffitid0000027|mdifffitid0000028|mdifffitid0000029|mdifffitid0000043|mdifffitid0000046|mdifffitid0000047|mdifffitid0000048|mimgtblid0000017|mimgtblid0000036|mimgtblid0000055|mprojectid0000001|mprojectid0000002|mprojectid0000004|mprojectid0000020|mprojectid0000021|mprojectid0000042|mviewerid0000019|mviewerid0000038,0.200000,90.960000,0.530945,0.809118,110.678240,0.000000,0.000000,true,23.790000,17,377.730000,"{""h4d-highmem-192-1"":15,""h4d-standard-192-1"":43}","{""h3-standard-88-1"":0,""h3-standard-88-2"":0,""h4d-highmem-192-1"":0.002654,""h4d-standard-192-1"":0.017047}","[{""rank"":1,""recommended"":true,""feasible"":true,""budget_used"":0.530945,""budget_violation"":0,""makespan"":90.96,""deadline_violation"":0,""machine_signature"":""732546e13378a667"",""weighted_score"":0.918352,""diversity_score"":1.258621},{""rank"":2,""recommended"":false,""feasible"":true,""budget_used"":0.676013,""budget_violation"":0,""makespan"":90.96,""deadline_violation"":0,""machine_signature"":""c3a9995cd6d91385"",""weighted_score"":0.918352,""diversity_score"":1.482759},{""rank"":3,""recommended"":false,""feasible"":true,""budget_used"":0.679387,""budget_violation"":0,""makespan"":90.96,""deadline_violation"":0,""machine_signature"":""04825590ca139ea9"",""weighted_score"":0.918352,""diversity_score"":1.465517},{""rank"":4,""recommended"":false,""feasible"":true,""budget_used"":0.216078,""budget_violation"":0,""makespan"":99.047,""deadline_violation"":0,""machine_signature"":""6208013f1b8c86e7"",""weighted_score"":1,""diversity_score"":0}]"
heft_colocation,cloud_homo,25,maddid0000037|maddid0000056|mbackgroundid0000013|mbackgroundid0000015|mbackgroundid0000054|mbgmodelid0000012|mbgmodelid0000031|mbgmodelid0000050|mconcatfitid0000011|mdifffitid0000006|mdifffitid0000026|mdifffitid0000027|mdifffitid0000028|mdifffitid0000029|mdifffitid0000043|mdifffitid0000046|mdifffitid0000047|mdifffitid0000048|mimgtblid0000017|mimgtblid0000036|mimgtblid0000055|mprojectid0000001|mprojectid0000002|mprojectid0000004|mprojectid0000020|mprojectid0000021|mprojectid0000042|mviewerid0000019|mviewerid0000038,0.200000,88.371000,1.121154,1.344726,106.047360,0.000000,0.000000,true,4.099000,4,2.978000,"{""h4d-standard-192-1"":16,""h4d-standard-192-2"":13,""h4d-standard-192-3"":17,""h4d-standard-192-4"":12}","{""h4d-standard-192-1"":0.003581,""h4d-standard-192-2"":0.00514,""h4d-standard-192-3"":0.004473,""h4d-standard-192-4"":0.005923}",[]
prism_cc_cost,cloud_homo,25,maddid0000037|maddid0000056|mbackgroundid0000013|mbackgroundid0000015|mbackgroundid0000054|mbgmodelid0000012|mbgmodelid0000031|mbgmodelid0000050|mconcatfitid0000011|mdifffitid0000006|mdifffitid0000026|mdifffitid0000027|mdifffitid0000028|mdifffitid0000029|mdifffitid0000043|mdifffitid0000046|mdifffitid0000047|mdifffitid0000048|mimgtblid0000017|mimgtblid0000036|mimgtblid0000055|mprojectid0000001|mprojectid0000002|mprojectid0000004|mprojectid0000020|mprojectid0000021|mprojectid0000042|mviewerid0000019|mviewerid0000038,0.200000,97.594000,0.212910,1.344726,106.047360,0.000000,0.000000,true,43.188000,32,378.385000,"{""h4d-standard-192-1"":58}","{""h4d-standard-192-1"":0.019396,""h4d-standard-192-2"":0,""h4d-standard-192-3"":0,""h4d-standard-192-4"":0}","[{""rank"":1,""recommended"":true,""feasible"":true,""budget_used"":0.21291,""budget_violation"":0,""makespan"":97.594,""deadline_violation"":0,""machine_signature"":""6a9d51dafeaaec33"",""weighted_score"":0.189903,""diversity_score"":0},{""rank"":2,""recommended"":false,""feasible"":true,""budget_used"":1.117803,""budget_violation"":0,""makespan"":88.371,""deadline_violation"":0,""machine_signature"":""21c81ae73afe2681"",""weighted_score"":0.997011,""diversity_score"":3.706897},{""rank"":3,""recommended"":false,""feasible"":true,""budget_used"":1.121154,""budget_violation"":0,""makespan"":88.371,""deadline_violation"":0,""machine_signature"":""c406f5f1b507c16f"",""weighted_score"":1,""diversity_score"":3.706897}]"
prism_cc_time,cloud_homo,25,maddid0000037|maddid0000056|mbackgroundid0000013|mbackgroundid0000015|mbackgroundid0000054|mbgmodelid0000012|mbgmodelid0000031|mbgmodelid0000050|mconcatfitid0000011|mdifffitid0000006|mdifffitid0000026|mdifffitid0000027|mdifffitid0000028|mdifffitid0000029|mdifffitid0000043|mdifffitid0000046|mdifffitid0000047|mdifffitid0000048|mimgtblid0000017|mimgtblid0000036|mimgtblid0000055|mprojectid0000001|mprojectid0000002|mprojectid0000004|mprojectid0000020|mprojectid0000021|mprojectid0000042|mviewerid0000019|mviewerid0000038,0.200000,88.371000,1.117803,1.344726,106.047360,0.000000,0.000000,true,4.099000,4,378.385000,"{""h4d-standard-192-1"":15,""h4d-standard-192-2"":13,""h4d-standard-192-3"":17,""h4d-standard-192-4"":13}","{""h4d-standard-192-1"":0.00358,""h4d-standard-192-2"":0.00514,""h4d-standard-192-3"":0.004473,""h4d-standard-192-4"":0.005924}","[{""rank"":1,""recommended"":true,""feasible"":true,""budget_used"":1.117803,""budget_violation"":0,""makespan"":88.371,""deadline_violation"":0,""machine_signature"":""21c81ae73afe2681"",""weighted_score"":0.905496,""diversity_score"":3.706897},{""rank"":2,""recommended"":false,""feasible"":true,""budget_used"":1.121154,""budget_violation"":0,""makespan"":88.371,""deadline_violation"":0,""machine_signature"":""c406f5f1b507c16f"",""weighted_score"":0.905496,""diversity_score"":3.706897},{""rank"":3,""recommended"":false,""feasible"":true,""budget_used"":0.21291,""budget_violation"":0,""makespan"":97.594,""deadline_violation"":0,""machine_signature"":""6a9d51dafeaaec33"",""weighted_score"":1,""diversity_score"":0}]"
heft_colocation,cluster_hetero,25,maddid0000037|maddid0000056|mbackgroundid0000013|mbackgroundid0000015|mbackgroundid0000054|mbgmodelid0000012|mbgmodelid0000031|mbgmodelid0000050|mconcatfitid0000011|mdifffitid0000006|mdifffitid0000026|mdifffitid0000027|mdifffitid0000028|mdifffitid0000029|mdifffitid0000043|mdifffitid0000046|mdifffitid0000047|mdifffitid0000048|mimgtblid0000017|mimgtblid0000036|mimgtblid0000055|mprojectid0000001|mprojectid0000002|mprojectid0000004|mprojectid0000020|mprojectid0000021|mprojectid0000042|mviewerid0000019|mviewerid0000038,0.200000,281.883000,0.000000,0.000000,346.902440,0.000000,0.000000,true,40.570000,9,1.026000,"{""bora005"":20,""bora006"":25,""diablo01"":7,""diablo02"":6}","{""bora005"":0.068878,""bora006"":0.097584,""diablo01"":0.004762,""diablo02"":0.003904}",[]
prism_cc_cost,cluster_hetero,25,maddid0000037|maddid0000056|mbackgroundid0000013|mbackgroundid0000015|mbackgroundid0000054|mbgmodelid0000012|mbgmodelid0000031|mbgmodelid0000050|mconcatfitid0000011|mdifffitid0000006|mdifffitid0000026|mdifffitid0000027|mdifffitid0000028|mdifffitid0000029|mdifffitid0000043|mdifffitid0000046|mdifffitid0000047|mdifffitid0000048|mimgtblid0000017|mimgtblid0000036|mimgtblid0000055|mprojectid0000001|mprojectid0000002|mprojectid0000004|mprojectid0000020|mprojectid0000021|mprojectid0000042|mviewerid0000019|mviewerid0000038,0.200000,281.883000,0.000000,0.000000,346.902440,0.000000,0.000000,true,40.570000,9,204.319000,"{""bora005"":20,""bora006"":25,""diablo01"":7,""diablo02"":6}","{""bora005"":0.068878,""bora006"":0.097584,""diablo01"":0.004762,""diablo02"":0.003904}","[{""rank"":1,""recommended"":true,""feasible"":true,""budget_used"":0,""budget_violation"":0,""makespan"":281.883,""deadline_violation"":0,""machine_signature"":""5f60c22e6363d402"",""weighted_score"":0,""diversity_score"":3.568966},{""rank"":2,""recommended"":false,""feasible"":true,""budget_used"":0,""budget_violation"":0,""makespan"":281.936,""deadline_violation"":0,""machine_signature"":""c6a08a552a6e5b19"",""weighted_score"":0,""diversity_score"":3.62069}]"
prism_cc_time,cluster_hetero,25,maddid0000037|maddid0000056|mbackgroundid0000013|mbackgroundid0000015|mbackgroundid0000054|mbgmodelid0000012|mbgmodelid0000031|mbgmodelid0000050|mconcatfitid0000011|mdifffitid0000006|mdifffitid0000026|mdifffitid0000027|mdifffitid0000028|mdifffitid0000029|mdifffitid0000043|mdifffitid0000046|mdifffitid0000047|mdifffitid0000048|mimgtblid0000017|mimgtblid0000036|mimgtblid0000055|mprojectid0000001|mprojectid0000002|mprojectid0000004|mprojectid0000020|mprojectid0000021|mprojectid0000042|mviewerid0000019|mviewerid0000038,0.200000,281.883000,0.000000,0.000000,346.902440,0.000000,0.000000,true,40.570000,9,204.319000,"{""bora005"":20,""bora006"":25,""diablo01"":7,""diablo02"":6}","{""bora005"":0.068878,""bora006"":0.097584,""diablo01"":0.004762,""diablo02"":0.003904}","[{""rank"":1,""recommended"":true,""feasible"":true,""budget_used"":0,""budget_violation"":0,""makespan"":281.883,""deadline_violation"":0,""machine_signature"":""5f60c22e6363d402"",""weighted_score"":0.999812,""diversity_score"":3.568966},{""rank"":2,""recommended"":false,""feasible"":true,""budget_used"":0,""budget_violation"":0,""makespan"":281.936,""deadline_violation"":0,""machine_signature"":""c6a08a552a6e5b19"",""weighted_score"":1,""diversity_score"":3.62069}]"
heft_colocation,cluster_homo,25,maddid0000037|maddid0000056|mbackgroundid0000013|mbackgroundid0000015|mbackgroundid0000054|mbgmodelid0000012|mbgmodelid0000031|mbgmodelid0000050|mconcatfitid0000011|mdifffitid0000006|mdifffitid0000026|mdifffitid0000027|mdifffitid0000028|mdifffitid0000029|mdifffitid0000043|mdifffitid0000046|mdifffitid0000047|mdifffitid0000048|mimgtblid0000017|mimgtblid0000036|mimgtblid0000055|mprojectid0000001|mprojectid0000002|mprojectid0000004|mprojectid0000020|mprojectid0000021|mprojectid0000042|mviewerid0000019|mviewerid0000038,0.200000,281.326000,0.000000,0.000000,337.591200,0.000000,0.000000,true,23.503000,6,0.772000,"{""bora001"":14,""bora002"":19,""bora003"":14,""bora004"":11}","{""bora001"":0.033062,""bora002"":0.04869,""bora003"":0.041075,""bora004"":0.054647}",[]
prism_cc_cost,cluster_homo,25,maddid0000037|maddid0000056|mbackgroundid0000013|mbackgroundid0000015|mbackgroundid0000054|mbgmodelid0000012|mbgmodelid0000031|mbgmodelid0000050|mconcatfitid0000011|mdifffitid0000006|mdifffitid0000026|mdifffitid0000027|mdifffitid0000028|mdifffitid0000029|mdifffitid0000043|mdifffitid0000046|mdifffitid0000047|mdifffitid0000048|mimgtblid0000017|mimgtblid0000036|mimgtblid0000055|mprojectid0000001|mprojectid0000002|mprojectid0000004|mprojectid0000020|mprojectid0000021|mprojectid0000042|mviewerid0000019|mviewerid0000038,0.200000,281.326000,0.000000,0.000000,337.591200,0.000000,0.000000,true,23.503000,6,185.886000,"{""bora001"":14,""bora002"":19,""bora003"":14,""bora004"":11}","{""bora001"":0.033062,""bora002"":0.04869,""bora003"":0.041075,""bora004"":0.054647}","[{""rank"":1,""recommended"":true,""feasible"":true,""budget_used"":0,""budget_violation"":0,""makespan"":281.326,""deadline_violation"":0,""machine_signature"":""d4a1b5f2b0f554b7"",""weighted_score"":0,""diversity_score"":3.672414},{""rank"":2,""recommended"":false,""feasible"":true,""budget_used"":0,""budget_violation"":0,""makespan"":281.326,""deadline_violation"":0,""machine_signature"":""f13a9c0d26176cc4"",""weighted_score"":0,""diversity_score"":3.672414}]"
prism_cc_time,cluster_homo,25,maddid0000037|maddid0000056|mbackgroundid0000013|mbackgroundid0000015|mbackgroundid0000054|mbgmodelid0000012|mbgmodelid0000031|mbgmodelid0000050|mconcatfitid0000011|mdifffitid0000006|mdifffitid0000026|mdifffitid0000027|mdifffitid0000028|mdifffitid0000029|mdifffitid0000043|mdifffitid0000046|mdifffitid0000047|mdifffitid0000048|mimgtblid0000017|mimgtblid0000036|mimgtblid0000055|mprojectid0000001|mprojectid0000002|mprojectid0000004|mprojectid0000020|mprojectid0000021|mprojectid0000042|mviewerid0000019|mviewerid0000038,0.200000,281.326000,0.000000,0.000000,337.591200,0.000000,0.000000,true,23.503000,6,185.886000,"{""bora001"":14,""bora002"":19,""bora003"":14,""bora004"":11}","{""bora001"":0.033062,""bora002"":0.04869,""bora003"":0.041075,""bora004"":0.054647}","[{""rank"":1,""recommended"":true,""feasible"":true,""budget_used"":0,""budget_violation"":0,""makespan"":281.326,""deadline_violation"":0,""machine_signature"":""d4a1b5f2b0f554b7"",""weighted_score"":1,""diversity_score"":3.672414},{""rank"":2,""recommended"":false,""feasible"":true,""budget_used"":0,""budget_violation"":0,""makespan"":281.326,""deadline_violation"":0,""machine_signature"":""f13a9c0d26176cc4"",""weighted_score"":1,""diversity_score"":3.672414}]"
heft_colocation,hybrid_hetero,25,maddid0000037|maddid0000056|mbackgroundid0000013|mbackgroundid0000015|mbackgroundid0000054|mbgmodelid0000012|mbgmodelid0000031|mbgmodelid0000050|mconcatfitid0000011|mdifffitid0000006|mdifffitid0000026|mdifffitid0000027|mdifffitid0000028|mdifffitid0000029|mdifffitid0000043|mdifffitid0000046|mdifffitid0000047|mdifffitid0000048|mimgtblid0000017|mimgtblid0000036|mimgtblid0000055|mprojectid0000001|mprojectid0000002|mprojectid0000004|mprojectid0000020|mprojectid0000021|mprojectid0000042|mviewerid0000019|mviewerid0000038,0.200000,96.094000,0.466072,0.507908,117.111320,0.000000,0.000000,true,33.826000,25,2.213000,"{""bora011"":2,""diablo03"":1,""h3-standard-88-2"":9,""h4d-standard-192-7"":46}","{""bora011"":0.00053,""diablo03"":0.0002,""h3-standard-88-2"":0.002826,""h4d-standard-192-7"":0.018504}",[]
prism_cc_cost,hybrid_hetero,25,maddid0000037|maddid0000056|mbackgroundid0000013|mbackgroundid0000015|mbackgroundid0000054|mbgmodelid0000012|mbgmodelid0000031|mbgmodelid0000050|mconcatfitid0000011|mdifffitid0000006|mdifffitid0000026|mdifffitid0000027|mdifffitid0000028|mdifffitid0000029|mdifffitid0000043|mdifffitid0000046|mdifffitid0000047|mdifffitid0000048|mimgtblid0000017|mimgtblid0000036|mimgtblid0000055|mprojectid0000001|mprojectid0000002|mprojectid0000004|mprojectid0000020|mprojectid0000021|mprojectid0000042|mviewerid0000019|mviewerid0000038,0.200000,102.740000,0.269986,0.507908,117.111320,0.000000,0.000000,true,34.757000,24,330.698000,"{""bora011"":20,""diablo03"":5,""h3-standard-88-2"":3,""h4d-standard-192-7"":30}","{""bora011"":0.00797,""diablo03"":0.001526,""h3-standard-88-2"":0.002317,""h4d-standard-192-7"":0.017066}","[{""rank"":1,""recommended"":true,""feasible"":true,""budget_used"":0.269986,""budget_violation"":0,""makespan"":102.74,""deadline_violation"":0,""machine_signature"":""617cfe3c0a03a276"",""weighted_score"":0.269986,""diversity_score"":3.482759},{""rank"":2,""recommended"":false,""feasible"":true,""budget_used"":0.330174,""budget_violation"":0,""makespan"":96.735,""deadline_violation"":0,""machine_signature"":""1a58aff07bf2e96e"",""weighted_score"":0.330174,""diversity_score"":3.241379},{""rank"":3,""recommended"":false,""feasible"":true,""budget_used"":0.436632,""budget_violation"":0,""makespan"":96.094,""deadline_violation"":0,""machine_signature"":""e9e7188d106177db"",""weighted_score"":0.436632,""diversity_score"":3.206897},{""rank"":4,""recommended"":false,""feasible"":true,""budget_used"":0.466072,""budget_violation"":0,""makespan"":96.094,""deadline_violation"":0,""machine_signature"":""e5f33a52ec34fabe"",""weighted_score"":0.466072,""diversity_score"":3.206897}]"
prism_cc_time,hybrid_hetero,25,maddid0000037|maddid0000056|mbackgroundid0000013|mbackgroundid0000015|mbackgroundid0000054|mbgmodelid0000012|mbgmodelid0000031|mbgmodelid0000050|mconcatfitid0000011|mdifffitid0000006|mdifffitid0000026|mdifffitid0000027|mdifffitid0000028|mdifffitid0000029|mdifffitid0000043|mdifffitid0000046|mdifffitid0000047|mdifffitid0000048|mimgtblid0000017|mimgtblid0000036|mimgtblid0000055|mprojectid0000001|mprojectid0000002|mprojectid0000004|mprojectid0000020|mprojectid0000021|mprojectid0000042|mviewerid0000019|mviewerid0000038,0.200000,96.094000,0.436632,0.507908,117.111320,0.000000,0.000000,true,33.826000,25,330.698000,"{""bora011"":3,""diablo03"":1,""h3-standard-88-2"":8,""h4d-standard-192-7"":46}","{""bora011"":0.000571,""diablo03"":0.0002,""h3-standard-88-2"":0.00282,""h4d-standard-192-7"":0.018504}","[{""rank"":1,""recommended"":true,""feasible"":true,""budget_used"":0.436632,""budget_violation"":0,""makespan"":96.094,""deadline_violation"":0,""machine_signature"":""e9e7188d106177db"",""weighted_score"":0.935312,""diversity_score"":3.206897},{""rank"":2,""recommended"":false,""feasible"":true,""budget_used"":0.466072,""budget_violation"":0,""makespan"":96.094,""deadline_violation"":0,""machine_signature"":""e5f33a52ec34fabe"",""weighted_score"":0.935312,""diversity_score"":3.206897},{""rank"":3,""recommended"":false,""feasible"":true,""budget_used"":0.330174,""budget_violation"":0,""makespan"":96.735,""deadline_violation"":0,""machine_signature"":""1a58aff07bf2e96e"",""weighted_score"":0.941551,""diversity_score"":3.241379},{""rank"":4,""recommended"":false,""feasible"":true,""budget_used"":0.269986,""budget_violation"":0,""makespan"":102.74,""deadline_violation"":0,""machine_signature"":""617cfe3c0a03a276"",""weighted_score"":1,""diversity_score"":3.482759}]"
heft_colocation,hybrid_homo,25,maddid0000037|maddid0000056|mbackgroundid0000013|mbackgroundid0000015|mbackgroundid0000054|mbgmodelid0000012|mbgmodelid0000031|mbgmodelid0000050|mconcatfitid0000011|mdifffitid0000006|mdifffitid0000026|mdifffitid0000027|mdifffitid0000028|mdifffitid0000029|mdifffitid0000043|mdifffitid0000046|mdifffitid0000047|mdifffitid0000048|mimgtblid0000017|mimgtblid0000036|mimgtblid0000055|mprojectid0000001|mprojectid0000002|mprojectid0000004|mprojectid0000020|mprojectid0000021|mprojectid0000042|mviewerid0000019|mviewerid0000038,0.200000,90.904000,0.632856,0.747528,110.602640,0.000000,0.000000,true,15.165000,11,1.602000,"{""bora009"":2,""bora010"":1,""h4d-standard-192-5"":30,""h4d-standard-192-6"":25}","{""bora009"":0.00056,""bora010"":0.000302,""h4d-standard-192-5"":0.008968,""h4d-standard-192-6"":0.010221}",[]
prism_cc_cost,hybrid_homo,25,maddid0000037|maddid0000056|mbackgroundid0000013|mbackgroundid0000015|mbackgroundid0000054|mbgmodelid0000012|mbgmodelid0000031|mbgmodelid0000050|mconcatfitid0000011|mdifffitid0000006|mdifffitid0000026|mdifffitid0000027|mdifffitid0000028|mdifffitid0000029|mdifffitid0000043|mdifffitid0000046|mdifffitid0000047|mdifffitid0000048|mimgtblid0000017|mimgtblid0000036|mimgtblid0000055|mprojectid0000001|mprojectid0000002|mprojectid0000004|mprojectid0000020|mprojectid0000021|mprojectid0000042|mviewerid0000019|mviewerid0000038,0.200000,93.441000,0.455773,0.747528,110.602640,0.000000,0.000000,true,15.166000,11,373.850000,"{""bora009"":7,""bora010"":5,""h4d-standard-192-5"":24,""h4d-standard-192-6"":22}","{""bora009"":0.001216,""bora010"":0.002054,""h4d-standard-192-5"":0.008689,""h4d-standard-192-6"":0.009897}","[{""rank"":1,""recommended"":true,""feasible"":true,""budget_used"":0.455773,""budget_violation"":0,""makespan"":93.441,""deadline_violation"":0,""machine_signature"":""d8506d35d9343494"",""weighted_score"":0.455773,""diversity_score"":3.586207},{""rank"":2,""recommended"":false,""feasible"":true,""budget_used"":0.466,""budget_violation"":0,""makespan"":91.133,""deadline_violation"":0,""machine_signature"":""3bf1dc098c4630b0"",""weighted_score"":0.466,""diversity_score"":3.586207},{""rank"":3,""recommended"":false,""feasible"":true,""budget_used"":0.623915,""budget_violation"":0,""makespan"":90.904,""deadline_violation"":0,""machine_signature"":""033018f29e9ac027"",""weighted_score"":0.623915,""diversity_score"":3.5},{""rank"":4,""recommended"":false,""feasible"":true,""budget_used"":0.632856,""budget_violation"":0,""makespan"":90.904,""deadline_violation"":0,""machine_signature"":""2c4a0317892d9639"",""weighted_score"":0.632856,""diversity_score"":3.482759}]"
prism_cc_time,hybrid_homo,25,maddid0000037|maddid0000056|mbackgroundid0000013|mbackgroundid0000015|mbackgroundid0000054|mbgmodelid0000012|mbgmodelid0000031|mbgmodelid0000050|mconcatfitid0000011|mdifffitid0000006|mdifffitid0000026|mdifffitid0000027|mdifffitid0000028|mdifffitid0000029|mdifffitid0000043|mdifffitid0000046|mdifffitid0000047|mdifffitid0000048|mimgtblid0000017|mimgtblid0000036|mimgtblid0000055|mprojectid0000001|mprojectid0000002|mprojectid0000004|mprojectid0000020|mprojectid0000021|mprojectid0000042|mviewerid0000019|mviewerid0000038,0.200000,90.904000,0.623915,0.747528,110.602640,0.000000,0.000000,true,15.165000,11,373.850000,"{""bora009"":3,""bora010"":1,""h4d-standard-192-5"":29,""h4d-standard-192-6"":25}","{""bora009"":0.000604,""bora010"":0.000302,""h4d-standard-192-5"":0.008967,""h4d-standard-192-6"":0.010221}","[{""rank"":1,""recommended"":true,""feasible"":true,""budget_used"":0.623915,""budget_violation"":0,""makespan"":90.904,""deadline_violation"":0,""machine_signature"":""033018f29e9ac027"",""weighted_score"":0.972849,""diversity_score"":3.5},{""rank"":2,""recommended"":false,""feasible"":true,""budget_used"":0.632856,""budget_violation"":0,""makespan"":90.904,""deadline_violation"":0,""machine_signature"":""2c4a0317892d9639"",""weighted_score"":0.972849,""diversity_score"":3.482759},{""rank"":3,""recommended"":false,""feasible"":true,""budget_used"":0.466,""budget_violation"":0,""makespan"":91.133,""deadline_violation"":0,""machine_signature"":""3bf1dc098c4630b0"",""weighted_score"":0.9753,""diversity_score"":3.586207},{""rank"":4,""recommended"":false,""feasible"":true,""budget_used"":0.455773,""budget_violation"":0,""makespan"":93.441,""deadline_violation"":0,""machine_signature"":""d8506d35d9343494"",""weighted_score"":1,""diversity_score"":3.586207}]"
heft_colocation,cloud_hetero,26,maddid0000018|maddid0000037|mbackgroundid0000015|mbackgroundid0000016|mbackgroundid0000032|mbackgroundid0000033|mbackgroundid0000034|mbackgroundid0000051|mbackgroundid0000052|mbackgroundid0000053|mbgmodelid0000012|mconcatfitid0000011|mconcatfitid0000030|mdifffitid0000006|mdifffitid0000007|mdifffitid0000009|mdifffitid0000025|mdifffitid0000026|mdifffitid0000029|mdifffitid0000044|mdifffitid0000045|mdifffitid0000046|mimgtblid0000017|mprojectid0000002|mprojectid0000003|mprojectid0000022|mprojectid0000041|mviewerid0000038|mviewerid0000058,0.200000,90.960000,0.661462,0.809118,110.678240,0.000000,0.000000,true,5.306000,7,1.902000,"{""h4d-highmem-192-1"":24,""h4d-standard-192-1"":34}","{""h3-standard-88-1"":0,""h3-standard-88-2"":0,""h4d-highmem-192-1"":0.009884,""h4d-standard-192-1"":0.008758}",[]
prism_cc_cost,cloud_hetero,26,maddid0000018|maddid0000037|mbackgroundid0000015|mbackgroundid0000016|mbackgroundid0000032|mbackgroundid0000033|mbackgroundid0000034|mbackgroundid0000051|mbackgroundid0000052|mbackgroundid0000053|mbgmodelid0000012|mconcatfitid0000011|mconcatfitid0000030|mdifffitid0000006|mdifffitid0000007|mdifffitid0000009|mdifffitid0000025|mdifffitid0000026|mdifffitid0000029|mdifffitid0000044|mdifffitid0000045|mdifffitid0000046|mimgtblid0000017|mprojectid0000002|mprojectid0000003|mprojectid0000022|mprojectid0000041|mviewerid0000038|mviewerid0000058,0.200000,94.433000,0.206014,0.809118,110.678240,0.000000,0.000000,true,16.806000,20,373.750000,"{""h4d-standard-192-1"":58}","{""h3-standard-88-1"":0,""h3-standard-88-2"":0,""h4d-highmem-192-1"":0,""h4d-standard-192-1"":0.018591}","[{""rank"":1,""recommended"":true,""feasible"":true,""budget_used"":0.206014,""budget_violation"":0,""makespan"":94.433,""deadline_violation"":0,""machine_signature"":""39cda73896955894"",""weighted_score"":0.206014,""diversity_score"":0},{""rank"":2,""recommended"":false,""feasible"":true,""budget_used"":0.658088,""budget_violation"":0,""makespan"":90.96,""deadline_violation"":0,""machine_signature"":""207868ad30488931"",""weighted_score"":0.658088,""diversity_score"":1.431034},{""rank"":3,""recommended"":false,""feasible"":true,""budget_used"":0.661462,""budget_violation"":0,""makespan"":90.96,""deadline_violation"":0,""machine_signature"":""6a075e227827d0f9"",""weighted_score"":0.661462,""diversity_score"":1.413793}]"
prism_cc_time,cloud_hetero,26,maddid0000018|maddid0000037|mbackgroundid0000015|mbackgroundid0000016|mbackgroundid0000032|mbackgroundid0000033|mbackgroundid0000034|mbackgroundid0000051|mbackgroundid0000052|mbackgroundid0000053|mbgmodelid0000012|mconcatfitid0000011|mconcatfitid0000030|mdifffitid0000006|mdifffitid0000007|mdifffitid0000009|mdifffitid0000025|mdifffitid0000026|mdifffitid0000029|mdifffitid0000044|mdifffitid0000045|mdifffitid0000046|mimgtblid0000017|mprojectid0000002|mprojectid0000003|mprojectid0000022|mprojectid0000041|mviewerid0000038|mviewerid0000058,0.200000,90.960000,0.658088,0.809118,110.678240,0.000000,0.000000,true,5.306000,7,373.750000,"{""h4d-highmem-192-1"":25,""h4d-standard-192-1"":33}","{""h3-standard-88-1"":0,""h3-standard-88-2"":0,""h4d-highmem-192-1"":0.009886,""h4d-standard-192-1"":0.008756}","[{""rank"":1,""recommended"":true,""feasible"":true,""budget_used"":0.658088,""budget_violation"":0,""makespan"":90.96,""deadline_violation"":0,""machine_signature"":""207868ad30488931"",""weighted_score"":0.963223,""diversity_score"":1.431034},{""rank"":2,""recommended"":false,""feasible"":true,""budget_used"":0.661462,""budget_violation"":0,""makespan"":90.96,""deadline_violation"":0,""machine_signature"":""6a075e227827d0f9"",""weighted_score"":0.963223,""diversity_score"":1.413793},{""rank"":3,""recommended"":false,""feasible"":true,""budget_used"":0.206014,""budget_violation"":0,""makespan"":94.433,""deadline_violation"":0,""machine_signature"":""39cda73896955894"",""weighted_score"":1,""diversity_score"":0}]"
heft_colocation,cloud_homo,26,maddid0000018|maddid0000037|mbackgroundid0000015|mbackgroundid0000016|mbackgroundid0000032|mbackgroundid0000033|mbackgroundid0000034|mbackgroundid0000051|mbackgroundid0000052|mbackgroundid0000053|mbgmodelid0000012|mconcatfitid0000011|mconcatfitid0000030|mdifffitid0000006|mdifffitid0000007|mdifffitid0000009|mdifffitid0000025|mdifffitid0000026|mdifffitid0000029|mdifffitid0000044|mdifffitid0000045|mdifffitid0000046|mimgtblid0000017|mprojectid0000002|mprojectid0000003|mprojectid0000022|mprojectid0000041|mviewerid0000038|mviewerid0000058,0.200000,88.371000,1.120868,1.344726,106.047360,0.000000,0.000000,true,0.229000,3,3.896000,"{""h4d-standard-192-1"":18,""h4d-standard-192-2"":11,""h4d-standard-192-3"":17,""h4d-standard-192-4"":12}","{""h4d-standard-192-1"":0.004383,""h4d-standard-192-2"":0.003612,""h4d-standard-192-3"":0.004975,""h4d-standard-192-4"":0.005919}",[]
prism_cc_cost,cloud_homo,26,maddid0000018|maddid0000037|mbackgroundid0000015|mbackgroundid0000016|mbackgroundid0000032|mbackgroundid0000033|mbackgroundid0000034|mbackgroundid0000051|mbackgroundid0000052|mbackgroundid0000053|mbgmodelid0000012|mconcatfitid0000011|mconcatfitid0000030|mdifffitid0000006|mdifffitid0000007|mdifffitid0000009|mdifffitid0000025|mdifffitid0000026|mdifffitid0000029|mdifffitid0000044|mdifffitid0000045|mdifffitid0000046|mimgtblid0000017|mprojectid0000002|mprojectid0000003|mprojectid0000022|mprojectid0000041|mviewerid0000038|mviewerid0000058,0.200000,92.879000,0.202626,1.344726,106.047360,0.000000,0.000000,true,16.353000,16,324.031000,"{""h4d-standard-192-1"":58}","{""h4d-standard-192-1"":0.018876,""h4d-standard-192-2"":0,""h4d-standard-192-3"":0,""h4d-standard-192-4"":0}","[{""rank"":1,""recommended"":true,""feasible"":true,""budget_used"":0.202626,""budget_violation"":0,""makespan"":92.879,""deadline_violation"":0,""machine_signature"":""9b5e763f84a5d894"",""weighted_score"":0.180776,""diversity_score"":0},{""rank"":2,""recommended"":false,""feasible"":true,""budget_used"":1.089749,""budget_violation"":0,""makespan"":88.371,""deadline_violation"":0,""machine_signature"":""ac9d833ef81fdd5c"",""weighted_score"":0.972237,""diversity_score"":3.706897},{""rank"":3,""recommended"":false,""feasible"":true,""budget_used"":1.120868,""budget_violation"":0,""makespan"":88.371,""deadline_violation"":0,""machine_signature"":""115655cc249080c5"",""weighted_score"":1,""diversity_score"":3.689655}]"
prism_cc_time,cloud_homo,26,maddid0000018|maddid0000037|mbackgroundid0000015|mbackgroundid0000016|mbackgroundid0000032|mbackgroundid0000033|mbackgroundid0000034|mbackgroundid0000051|mbackgroundid0000052|mbackgroundid0000053|mbgmodelid0000012|mconcatfitid0000011|mconcatfitid0000030|mdifffitid0000006|mdifffitid0000007|mdifffitid0000009|mdifffitid0000025|mdifffitid0000026|mdifffitid0000029|mdifffitid0000044|mdifffitid0000045|mdifffitid0000046|mimgtblid0000017|mprojectid0000002|mprojectid0000003|mprojectid0000022|mprojectid0000041|mviewerid0000038|mviewerid0000058,0.200000,88.371000,1.089749,1.344726,106.047360,0.000000,0.000000,true,0.168000,2,324.031000,"{""h4d-standard-192-1"":17,""h4d-standard-192-2"":12,""h4d-standard-192-3"":15,""h4d-standard-192-4"":14}","{""h4d-standard-192-1"":0.004337,""h4d-standard-192-2"":0.003649,""h4d-standard-192-3"":0.004938,""h4d-standard-192-4"":0.005961}","[{""rank"":1,""recommended"":true,""feasible"":true,""budget_used"":1.089749,""budget_violation"":0,""makespan"":88.371,""deadline_violation"":0,""machine_signature"":""ac9d833ef81fdd5c"",""weighted_score"":0.951464,""diversity_score"":3.706897},{""rank"":2,""recommended"":false,""feasible"":true,""budget_used"":1.120868,""budget_violation"":0,""makespan"":88.371,""deadline_violation"":0,""machine_signature"":""115655cc249080c5"",""weighted_score"":0.951464,""diversity_score"":3.689655},{""rank"":3,""recommended"":false,""feasible"":true,""budget_used"":0.202626,""budget_violation"":0,""makespan"":92.879,""deadline_violation"":0,""machine_signature"":""9b5e763f84a5d894"",""weighted_score"":1,""diversity_score"":0}]"
heft_colocation,cluster_hetero,26,maddid0000018|maddid0000037|mbackgroundid0000015|mbackgroundid0000016|mbackgroundid0000032|mbackgroundid0000033|mbackgroundid0000034|mbackgroundid0000051|mbackgroundid0000052|mbackgroundid0000053|mbgmodelid0000012|mconcatfitid0000011|mconcatfitid0000030|mdifffitid0000006|mdifffitid0000007|mdifffitid0000009|mdifffitid0000025|mdifffitid0000026|mdifffitid0000029|mdifffitid0000044|mdifffitid0000045|mdifffitid0000046|mimgtblid0000017|mprojectid0000002|mprojectid0000003|mprojectid0000022|mprojectid0000041|mviewerid0000038|mviewerid0000058,0.200000,281.883000,0.000000,0.000000,346.902440,0.000000,0.000000,true,30.417000,11,1.070000,"{""bora005"":24,""bora006"":25,""diablo01"":5,""diablo02"":4}","{""bora005"":0.112415,""bora006"":0.064472,""diablo01"":0.00039,""diablo02"":0.000254}",[]
prism_cc_cost,cluster_hetero,26,maddid0000018|maddid0000037|mbackgroundid0000015|mbackgroundid0000016|mbackgroundid0000032|mbackgroundid0000033|mbackgroundid0000034|mbackgroundid0000051|mbackgroundid0000052|mbackgroundid0000053|mbgmodelid0000012|mconcatfitid0000011|mconcatfitid0000030|mdifffitid0000006|mdifffitid0000007|mdifffitid0000009|mdifffitid0000025|mdifffitid0000026|mdifffitid0000029|mdifffitid0000044|mdifffitid0000045|mdifffitid0000046|mimgtblid0000017|mprojectid0000002|mprojectid0000003|mprojectid0000022|mprojectid0000041|mviewerid0000038|mviewerid0000058,0.200000,281.883000,0.000000,0.000000,346.902440,0.000000,0.000000,true,15.524000,1,197.212000,"{""bora005"":23,""bora006"":20,""diablo01"":8,""diablo02"":7}","{""bora005"":0.112067,""bora006"":0.05668,""diablo01"":0.004772,""diablo02"":0.000556}","[{""rank"":1,""recommended"":true,""feasible"":true,""budget_used"":0,""budget_violation"":0,""makespan"":281.883,""deadline_violation"":0,""machine_signature"":""7ed9d8fde9896473"",""weighted_score"":0,""diversity_score"":3.603448},{""rank"":2,""recommended"":false,""feasible"":true,""budget_used"":0,""budget_violation"":0,""makespan"":281.883,""deadline_violation"":0,""machine_signature"":""41a6ee9d05878bbe"",""weighted_score"":0,""diversity_score"":3.568966}]"
prism_cc_time,cluster_hetero,26,maddid0000018|maddid0000037|mbackgroundid0000015|mbackgroundid0000016|mbackgroundid0000032|mbackgroundid0000033|mbackgroundid0000034|mbackgroundid0000051|mbackgroundid0000052|mbackgroundid0000053|mbgmodelid0000012|mconcatfitid0000011|mconcatfitid0000030|mdifffitid0000006|mdifffitid0000007|mdifffitid0000009|mdifffitid0000025|mdifffitid0000026|mdifffitid0000029|mdifffitid0000044|mdifffitid0000045|mdifffitid0000046|mimgtblid0000017|mprojectid0000002|mprojectid0000003|mprojectid0000022|mprojectid0000041|mviewerid0000038|mviewerid0000058,0.200000,281.883000,0.000000,0.000000,346.902440,0.000000,0.000000,true,15.524000,1,197.212000,"{""bora005"":23,""bora006"":20,""diablo01"":8,""diablo02"":7}","{""bora005"":0.112067,""bora006"":0.05668,""diablo01"":0.004772,""diablo02"":0.000556}","[{""rank"":1,""recommended"":true,""feasible"":true,""budget_used"":0,""budget_violation"":0,""makespan"":281.883,""deadline_violation"":0,""machine_signature"":""7ed9d8fde9896473"",""weighted_score"":1,""diversity_score"":3.603448},{""rank"":2,""recommended"":false,""feasible"":true,""budget_used"":0,""budget_violation"":0,""makespan"":281.883,""deadline_violation"":0,""machine_signature"":""41a6ee9d05878bbe"",""weighted_score"":1,""diversity_score"":3.568966}]"
heft_colocation,cluster_homo,26,maddid0000018|maddid0000037|mbackgroundid0000015|mbackgroundid0000016|mbackgroundid0000032|mbackgroundid0000033|mbackgroundid0000034|mbackgroundid0000051|mbackgroundid0000052|mbackgroundid0000053|mbgmodelid0000012|mconcatfitid0000011|mconcatfitid0000030|mdifffitid0000006|mdifffitid0000007|mdifffitid0000009|mdifffitid0000025|mdifffitid0000026|mdifffitid0000029|mdifffitid0000044|mdifffitid0000045|mdifffitid0000046|mimgtblid0000017|mprojectid0000002|mprojectid0000003|mprojectid0000022|mprojectid0000041|mviewerid0000038|mviewerid0000058,0.200000,281.326000,0.000000,0.000000,337.591200,0.000000,0.000000,true,1.387000,4,0.962000,"{""bora001"":16,""bora002"":16,""bora003"":14,""bora004"":12}","{""bora001"":0.040624,""bora002"":0.034284,""bora003"":0.045609,""bora004"":0.054773}",[]
prism_cc_cost,cluster_homo,26,maddid0000018|maddid0000037|mbackgroundid0000015|mbackgroundid0000016|mbackgroundid0000032|mbackgroundid0000033|mbackgroundid0000034|mbackgroundid0000051|mbackgroundid0000052|mbackgroundid0000053|mbgmodelid0000012|mconcatfitid0000011|mconcatfitid0000030|mdifffitid0000006|mdifffitid0000007|mdifffitid0000009|mdifffitid0000025|mdifffitid0000026|mdifffitid0000029|mdifffitid0000044|mdifffitid0000045|mdifffitid0000046|mimgtblid0000017|mprojectid0000002|mprojectid0000003|mprojectid0000022|mprojectid0000041|mviewerid0000038|mviewerid0000058,0.200000,281.326000,0.000000,0.000000,337.591200,0.000000,0.000000,true,0.344000,1,157.412000,"{""bora001"":15,""bora002"":15,""bora003"":15,""bora004"":13}","{""bora001"":0.040323,""bora002"":0.033869,""bora003"":0.045999,""bora004"":0.054996}","[{""rank"":1,""recommended"":true,""feasible"":true,""budget_used"":0,""budget_violation"":0,""makespan"":281.326,""deadline_violation"":0,""machine_signature"":""d43d1ca1b1ff98f4"",""weighted_score"":0,""diversity_score"":3.741379},{""rank"":2,""recommended"":false,""feasible"":true,""budget_used"":0,""budget_violation"":0,""makespan"":281.326,""deadline_violation"":0,""machine_signature"":""1e60f8ed88270e8a"",""weighted_score"":0,""diversity_score"":3.724138}]"
prism_cc_time,cluster_homo,26,maddid0000018|maddid0000037|mbackgroundid0000015|mbackgroundid0000016|mbackgroundid0000032|mbackgroundid0000033|mbackgroundid0000034|mbackgroundid0000051|mbackgroundid0000052|mbackgroundid0000053|mbgmodelid0000012|mconcatfitid0000011|mconcatfitid0000030|mdifffitid0000006|mdifffitid0000007|mdifffitid0000009|mdifffitid0000025|mdifffitid0000026|mdifffitid0000029|mdifffitid0000044|mdifffitid0000045|mdifffitid0000046|mimgtblid0000017|mprojectid0000002|mprojectid0000003|mprojectid0000022|mprojectid0000041|mviewerid0000038|mviewerid0000058,0.200000,281.326000,0.000000,0.000000,337.591200,0.000000,0.000000,true,0.344000,1,157.412000,"{""bora001"":15,""bora002"":15,""bora003"":15,""bora004"":13}","{""bora001"":0.040323,""bora002"":0.033869,""bora003"":0.045999,""bora004"":0.054996}","[{""rank"":1,""recommended"":true,""feasible"":true,""budget_used"":0,""budget_violation"":0,""makespan"":281.326,""deadline_violation"":0,""machine_signature"":""d43d1ca1b1ff98f4"",""weighted_score"":1,""diversity_score"":3.741379},{""rank"":2,""recommended"":false,""feasible"":true,""budget_used"":0,""budget_violation"":0,""makespan"":281.326,""deadline_violation"":0,""machine_signature"":""1e60f8ed88270e8a"",""weighted_score"":1,""diversity_score"":3.724138}]"
heft_colocation,hybrid_hetero,26,maddid0000018|maddid0000037|mbackgroundid0000015|mbackgroundid0000016|mbackgroundid0000032|mbackgroundid0000033|mbackgroundid0000034|mbackgroundid0000051|mbackgroundid0000052|mbackgroundid0000053|mbgmodelid0000012|mconcatfitid0000011|mconcatfitid0000030|mdifffitid0000006|mdifffitid0000007|mdifffitid0000009|mdifffitid0000025|mdifffitid0000026|mdifffitid0000029|mdifffitid0000044|mdifffitid0000045|mdifffitid0000046|mimgtblid0000017|mprojectid0000002|mprojectid0000003|mprojectid0000022|mprojectid0000041|mviewerid0000038|mviewerid0000058,0.200000,92.184000,0.201108,0.507908,117.111320,0.000000,0.000000,true,16.006000,10,1.868000,"{""bora011"":5,""diablo03"":1,""h4d-standard-192-7"":52}","{""bora011"":0.000638,""diablo03"":0.000209,""h3-standard-88-2"":0,""h4d-standard-192-7"":0.018967}",[]
prism_cc_cost,hybrid_hetero,26,maddid0000018|maddid0000037|mbackgroundid0000015|mbackgroundid0000016|mbackgroundid0000032|mbackgroundid0000033|mbackgroundid0000034|mbackgroundid0000051|mbackgroundid0000052|mbackgroundid0000053|mbgmodelid0000012|mconcatfitid0000011|mconcatfitid0000030|mdifffitid0000006|mdifffitid0000007|mdifffitid0000009|mdifffitid0000025|mdifffitid0000026|mdifffitid0000029|mdifffitid0000044|mdifffitid0000045|mdifffitid0000046|mimgtblid0000017|mprojectid0000002|mprojectid0000003|mprojectid0000022|mprojectid0000041|mviewerid0000038|mviewerid0000058,0.200000,104.982000,0.127927,0.507908,117.111320,0.000000,0.000000,true,18.299000,12,326.621000,"{""bora011"":23,""diablo03"":16,""h4d-standard-192-7"":19}","{""bora011"":0.010792,""diablo03"":0.005571,""h3-standard-88-2"":0,""h4d-standard-192-7"":0.016058}","[{""rank"":1,""recommended"":true,""feasible"":true,""budget_used"":0.127927,""budget_violation"":0,""makespan"":104.982,""deadline_violation"":0,""machine_signature"":""a88318a70bd70b9b"",""weighted_score"":0.127927,""diversity_score"":2.603448},{""rank"":2,""recommended"":false,""feasible"":true,""budget_used"":0.201108,""budget_violation"":0,""makespan"":92.184,""deadline_violation"":0,""machine_signature"":""ea8f43430d9fdba9"",""weighted_score"":0.201108,""diversity_score"":2.103448}]"
prism_cc_time,hybrid_hetero,26,maddid0000018|maddid0000037|mbackgroundid0000015|mbackgroundid0000016|mbackgroundid0000032|mbackgroundid0000033|mbackgroundid0000034|mbackgroundid0000051|mbackgroundid0000052|mbackgroundid0000053|mbgmodelid0000012|mconcatfitid0000011|mconcatfitid0000030|mdifffitid0000006|mdifffitid0000007|mdifffitid0000009|mdifffitid0000025|mdifffitid0000026|mdifffitid0000029|mdifffitid0000044|mdifffitid0000045|mdifffitid0000046|mimgtblid0000017|mprojectid0000002|mprojectid0000003|mprojectid0000022|mprojectid0000041|mviewerid0000038|mviewerid0000058,0.200000,92.184000,0.201108,0.507908,117.111320,0.000000,0.000000,true,16.006000,10,326.621000,"{""bora011"":5,""diablo03"":1,""h4d-standard-192-7"":52}","{""bora011"":0.000638,""diablo03"":0.000209,""h3-standard-88-2"":0,""h4d-standard-192-7"":0.018967}","[{""rank"":1,""recommended"":true,""feasible"":true,""budget_used"":0.201108,""budget_violation"":0,""makespan"":92.184,""deadline_violation"":0,""machine_signature"":""ea8f43430d9fdba9"",""weighted_score"":0.878093,""diversity_score"":2.103448},{""rank"":2,""recommended"":false,""feasible"":true,""budget_used"":0.127927,""budget_violation"":0,""makespan"":104.982,""deadline_violation"":0,""machine_signature"":""a88318a70bd70b9b"",""weighted_score"":1,""diversity_score"":2.603448}]"
heft_colocation,hybrid_homo,26,maddid0000018|maddid0000037|mbackgroundid0000015|mbackgroundid0000016|mbackgroundid0000032|mbackgroundid0000033|mbackgroundid0000034|mbackgroundid0000051|mbackgroundid0000052|mbackgroundid0000053|mbgmodelid0000012|mconcatfitid0000011|mconcatfitid0000030|mdifffitid0000006|mdifffitid0000007|mdifffitid0000009|mdifffitid0000025|mdifffitid0000026|mdifffitid0000029|mdifffitid0000044|mdifffitid0000045|mdifffitid0000046|mimgtblid0000017|mprojectid0000002|mprojectid0000003|mprojectid0000022|mprojectid0000041|mviewerid0000038|mviewerid0000058,0.200000,90.904000,0.606585,0.747528,110.602640,0.000000,0.000000,true,5.306000,7,1.653000,"{""bora009"":2,""bora010"":1,""h4d-standard-192-5"":32,""h4d-standard-192-6"":23}","{""bora009"":0.00056,""bora010"":0.000302,""h4d-standard-192-5"":0.008751,""h4d-standard-192-6"":0.009873}",[]
prism_cc_cost,hybrid_homo,26,maddid0000018|maddid0000037|mbackgroundid0000015|mbackgroundid0000016|mbackgroundid0000032|mbackgroundid0000033|mbackgroundid0000034|mbackgroundid0000051|mbackgroundid0000052|mbackgroundid0000053|mbgmodelid0000012|mconcatfitid0000011|mconcatfitid0000030|mdifffitid0000006|mdifffitid0000007|mdifffitid0000009|mdifffitid0000025|mdifffitid0000026|mdifffitid0000029|mdifffitid0000044|mdifffitid0000045|mdifffitid0000046|mimgtblid0000017|mprojectid0000002|mprojectid0000003|mprojectid0000022|mprojectid0000041|mviewerid0000038|mviewerid0000058,0.200000,104.905000,0.128078,0.747528,110.602640,0.000000,0.000000,true,18.983000,12,372.020000,"{""bora009"":19,""bora010"":20,""h4d-standard-192-5"":19}","{""bora009"":0.006969,""bora010"":0.011995,""h4d-standard-192-5"":0.01607,""h4d-standard-192-6"":0}","[{""rank"":1,""recommended"":true,""feasible"":true,""budget_used"":0.128078,""budget_violation"":0,""makespan"":104.905,""deadline_violation"":0,""machine_signature"":""0b4fa119cddb622c"",""weighted_score"":0.128078,""diversity_score"":2.655172},{""rank"":2,""recommended"":false,""feasible"":true,""budget_used"":0.162883,""budget_violation"":0,""makespan"":99.032,""deadline_violation"":0,""machine_signature"":""b6918e751e2a3107"",""weighted_score"":0.162883,""diversity_score"":2.37931},{""rank"":3,""recommended"":false,""feasible"":true,""budget_used"":0.552689,""budget_violation"":0,""makespan"":90.904,""deadline_violation"":0,""machine_signature"":""507568beb437dff3"",""weighted_score"":0.552689,""diversity_score"":3.465517},{""rank"":4,""recommended"":false,""feasible"":true,""budget_used"":0.606585,""budget_violation"":0,""makespan"":90.904,""deadline_violation"":0,""machine_signature"":""82021126cd59de03"",""weighted_score"":0.606585,""diversity_score"":3.448276}]"
prism_cc_time,hybrid_homo,26,maddid0000018|maddid0000037|mbackgroundid0000015|mbackgroundid0000016|mbackgroundid0000032|mbackgroundid0000033|mbackgroundid0000034|mbackgroundid0000051|mbackgroundid0000052|mbackgroundid0000053|mbgmodelid0000012|mconcatfitid0000011|mconcatfitid0000030|mdifffitid0000006|mdifffitid0000007|mdifffitid0000009|mdifffitid0000025|mdifffitid0000026|mdifffitid0000029|mdifffitid0000044|mdifffitid0000045|mdifffitid0000046|mimgtblid0000017|mprojectid0000002|mprojectid0000003|mprojectid0000022|mprojectid0000041|mviewerid0000038|mviewerid0000058,0.200000,90.904000,0.552689,0.747528,110.602640,0.000000,0.000000,true,5.307000,7,372.020000,"{""bora009"":3,""bora010"":3,""h4d-standard-192-5"":31,""h4d-standard-192-6"":21}","{""bora009"":0.000733,""bora010"":0.001207,""h4d-standard-192-5"":0.008747,""h4d-standard-192-6"":0.009841}","[{""rank"":1,""recommended"":true,""feasible"":true,""budget_used"":0.552689,""budget_violation"":0,""makespan"":90.904,""deadline_violation"":0,""machine_signature"":""507568beb437dff3"",""weighted_score"":0.866536,""diversity_score"":3.465517},{""rank"":2,""recommended"":false,""feasible"":true,""budget_used"":0.606585,""budget_violation"":0,""makespan"":90.904,""deadline_violation"":0,""machine_signature"":""82021126cd59de03"",""weighted_score"":0.866536,""diversity_score"":3.448276},{""rank"":3,""recommended"":false,""feasible"":true,""budget_used"":0.162883,""budget_violation"":0,""makespan"":99.032,""deadline_violation"":0,""machine_signature"":""b6918e751e2a3107"",""weighted_score"":0.944016,""diversity_score"":2.37931},{""rank"":4,""recommended"":false,""feasible"":true,""budget_used"":0.128078,""budget_violation"":0,""makespan"":104.905,""deadline_violation"":0,""machine_signature"":""0b4fa119cddb622c"",""weighted_score"":1,""diversity_score"":2.655172}]"
heft_colocation,cloud_hetero,27,maddid0000037|mbackgroundid0000013|mbackgroundid0000033|mbackgroundid0000034|mbackgroundid0000035|mbackgroundid0000052|mbgmodelid0000012|mbgmodelid0000050|mdifffitid0000005|mdifffitid0000006|mdifffitid0000007|mdifffitid0000009|mdifffitid0000010|mdifffitid0000024|mdifffitid0000026|mdifffitid0000027|mdifffitid0000028|mdifffitid0000048|mimgtblid0000017|mimgtblid0000036|mprojectid0000002|mprojectid0000003|mprojectid0000020|mprojectid0000021|mprojectid0000039|mprojectid0000041|mviewerid0000038|mviewerid0000057|mviewerid0000058,0.200000,90.960000,0.671685,0.809118,110.678240,0.000000,0.000000,true,14.218000,15,1.975000,"{""h4d-highmem-192-1"":25,""h4d-standard-192-1"":33}","{""h3-standard-88-1"":0,""h3-standard-88-2"":0,""h4d-highmem-192-1"":0.010633,""h4d-standard-192-1"":0.008519}",[]
prism_cc_cost,cloud_hetero,27,maddid0000037|mbackgroundid0000013|mbackgroundid0000033|mbackgroundid0000034|mbackgroundid0000035|mbackgroundid0000052|mbgmodelid0000012|mbgmodelid0000050|mdifffitid0000005|mdifffitid0000006|mdifffitid0000007|mdifffitid0000009|mdifffitid0000010|mdifffitid0000024|mdifffitid0000026|mdifffitid0000027|mdifffitid0000028|mdifffitid0000048|mimgtblid0000017|mimgtblid0000036|mprojectid0000002|mprojectid0000003|mprojectid0000020|mprojectid0000021|mprojectid0000039|mprojectid0000041|mviewerid0000038|mviewerid0000057|mviewerid0000058,0.200000,94.739000,0.206689,0.809118,110.678240,0.000000,0.000000,true,36.868000,33,348.296000,"{""h4d-standard-192-1"":58}","{""h3-standard-88-1"":0,""h3-standard-88-2"":0,""h4d-highmem-192-1"":0,""h4d-standard-192-1"":0.019633}","[{""rank"":1,""recommended"":true,""feasible"":true,""budget_used"":0.206689,""budget_violation"":0,""makespan"":94.739,""deadline_violation"":0,""machine_signature"":""741fc4578fcb6f71"",""weighted_score"":0.206689,""diversity_score"":0},{""rank"":2,""recommended"":false,""feasible"":true,""budget_used"":0.636767,""budget_violation"":0,""makespan"":90.96,""deadline_violation"":0,""machine_signature"":""6ef83172583d59f7"",""weighted_score"":0.636767,""diversity_score"":1.396552},{""rank"":3,""recommended"":false,""feasible"":true,""budget_used"":0.671685,""budget_violation"":0,""makespan"":90.96,""deadline_violation"":0,""machine_signature"":""fa2e4842f31be7ef"",""weighted_score"":0.671685,""diversity_score"":1.431034}]"
prism_cc_time,cloud_hetero,27,maddid0000037|mbackgroundid0000013|mbackgroundid0000033|mbackgroundid0000034|mbackgroundid0000035|mbackgroundid0000052|mbgmodelid0000012|mbgmodelid0000050|mdifffitid0000005|mdifffitid0000006|mdifffitid0000007|mdifffitid0000009|mdifffitid0000010|mdifffitid0000024|mdifffitid0000026|mdifffitid0000027|mdifffitid0000028|mdifffitid0000048|mimgtblid0000017|mimgtblid0000036|mprojectid0000002|mprojectid0000003|mprojectid0000020|mprojectid0000021|mprojectid0000039|mprojectid0000041|mviewerid0000038|mviewerid0000057|mviewerid0000058,0.200000,90.960000,0.636767,0.809118,110.678240,0.000000,0.000000,true,14.218000,15,348.296000,"{""h4d-highmem-192-1"":23,""h4d-standard-192-1"":35}","{""h3-standard-88-1"":0,""h3-standard-88-2"":0,""h4d-highmem-192-1"":0.010607,""h4d-standard-192-1"":0.008545}","[{""rank"":1,""recommended"":true,""feasible"":true,""budget_used"":0.636767,""budget_violation"":0,""makespan"":90.96,""deadline_violation"":0,""machine_signature"":""6ef83172583d59f7"",""weighted_score"":0.960111,""diversity_score"":1.396552},{""rank"":2,""recommended"":false,""feasible"":true,""budget_used"":0.671685,""budget_violation"":0,""makespan"":90.96,""deadline_violation"":0,""machine_signature"":""fa2e4842f31be7ef"",""weighted_score"":0.960111,""diversity_score"":1.431034},{""rank"":3,""recommended"":false,""feasible"":true,""budget_used"":0.206689,""budget_violation"":0,""makespan"":94.739,""deadline_violation"":0,""machine_signature"":""741fc4578fcb6f71"",""weighted_score"":1,""diversity_score"":0}]"
heft_colocation,cloud_homo,27,maddid0000037|mbackgroundid0000013|mbackgroundid0000033|mbackgroundid0000034|mbackgroundid0000035|mbackgroundid0000052|mbgmodelid0000012|mbgmodelid0000050|mdifffitid0000005|mdifffitid0000006|mdifffitid0000007|mdifffitid0000009|mdifffitid0000010|mdifffitid0000024|mdifffitid0000026|mdifffitid0000027|mdifffitid0000028|mdifffitid0000048|mimgtblid0000017|mimgtblid0000036|mprojectid0000002|mprojectid0000003|mprojectid0000020|mprojectid0000021|mprojectid0000039|mprojectid0000041|mviewerid0000038|mviewerid0000057|mviewerid0000058,0.200000,88.371000,1.121132,1.344726,106.047360,0.000000,0.000000,true,4.409000,7,4.087000,"{""h4d-standard-192-1"":17,""h4d-standard-192-2"":12,""h4d-standard-192-3"":18,""h4d-standard-192-4"":11}","{""h4d-standard-192-1"":0.003587,""h4d-standard-192-2"":0.005105,""h4d-standard-192-3"":0.005647,""h4d-standard-192-4"":0.004796}",[]
prism_cc_cost,cloud_homo,27,maddid0000037|mbackgroundid0000013|mbackgroundid0000033|mbackgroundid0000034|mbackgroundid0000035|mbackgroundid0000052|mbgmodelid0000012|mbgmodelid0000050|mdifffitid0000005|mdifffitid0000006|mdifffitid0000007|mdifffitid0000009|mdifffitid0000010|mdifffitid0000024|mdifffitid0000026|mdifffitid0000027|mdifffitid0000028|mdifffitid0000048|mimgtblid0000017|mimgtblid0000036|mprojectid0000002|mprojectid0000003|mprojectid0000020|mprojectid0000021|mprojectid0000039|mprojectid0000041|mviewerid0000038|mviewerid0000057|mviewerid0000058,0.200000,93.032000,0.202954,1.344726,106.047360,0.000000,0.000000,true,36.459000,31,335.996000,"{""h4d-standard-192-1"":58}","{""h4d-standard-192-1"":0.019971,""h4d-standard-192-2"":0,""h4d-standard-192-3"":0,""h4d-standard-192-4"":0}","[{""rank"":1,""recommended"":true,""feasible"":true,""budget_used"":0.202954,""budget_violation"":0,""makespan"":93.032,""deadline_violation"":0,""machine_signature"":""61f11cf1a234611d"",""weighted_score"":0.181026,""diversity_score"":0},{""rank"":2,""recommended"":false,""feasible"":true,""budget_used"":1.090582,""budget_violation"":0,""makespan"":88.371,""deadline_violation"":0,""machine_signature"":""0513b283c3f529ec"",""weighted_score"":0.972751,""diversity_score"":3.706897},{""rank"":3,""recommended"":false,""feasible"":true,""budget_used"":1.121132,""budget_violation"":0,""makespan"":88.371,""deadline_violation"":0,""machine_signature"":""cf0f2e67e3f180f4"",""weighted_score"":1,""diversity_score"":3.689655}]"
prism_cc_time,cloud_homo,27,maddid0000037|mbackgroundid0000013|mbackgroundid0000033|mbackgroundid0000034|mbackgroundid0000035|mbackgroundid0000052|mbgmodelid0000012|mbgmodelid0000050|mdifffitid0000005|mdifffitid0000006|mdifffitid0000007|mdifffitid0000009|mdifffitid0000010|mdifffitid0000024|mdifffitid0000026|mdifffitid0000027|mdifffitid0000028|mdifffitid0000048|mimgtblid0000017|mimgtblid0000036|mprojectid0000002|mprojectid0000003|mprojectid0000020|mprojectid0000021|mprojectid0000039|mprojectid0000041|mviewerid0000038|mviewerid0000057|mviewerid0000058,0.200000,88.371000,1.090582,1.344726,106.047360,0.000000,0.000000,true,4.409000,7,335.996000,"{""h4d-standard-192-1"":17,""h4d-standard-192-2"":12,""h4d-standard-192-3"":16,""h4d-standard-192-4"":13}","{""h4d-standard-192-1"":0.003563,""h4d-standard-192-2"":0.005124,""h4d-standard-192-3"":0.00561,""h4d-standard-192-4"":0.004838}","[{""rank"":1,""recommended"":true,""feasible"":true,""budget_used"":1.090582,""budget_violation"":0,""makespan"":88.371,""deadline_violation"":0,""machine_signature"":""0513b283c3f529ec"",""weighted_score"":0.949899,""diversity_score"":3.706897},{""rank"":2,""recommended"":false,""feasible"":true,""budget_used"":1.121132,""budget_violation"":0,""makespan"":88.371,""deadline_violation"":0,""machine_signature"":""cf0f2e67e3f180f4"",""weighted_score"":0.949899,""diversity_score"":3.689655},{""rank"":3,""recommended"":false,""feasible"":true,""budget_used"":0.202954,""budget_violation"":0,""makespan"":93.032,""deadline_violation"":0,""machine_signature"":""61f11cf1a234611d"",""weighted_score"":1,""diversity_score"":0}]"
heft_colocation,cluster_hetero,27,maddid0000037|mbackgroundid0000013|mbackgroundid0000033|mbackgroundid0000034|mbackgroundid0000035|mbackgroundid0000052|mbgmodelid0000012|mbgmodelid0000050|mdifffitid0000005|mdifffitid0000006|mdifffitid0000007|mdifffitid0000009|mdifffitid0000010|mdifffitid0000024|mdifffitid0000026|mdifffitid0000027|mdifffitid0000028|mdifffitid0000048|mimgtblid0000017|mimgtblid0000036|mprojectid0000002|mprojectid0000003|mprojectid0000020|mprojectid0000021|mprojectid0000039|mprojectid0000041|mviewerid0000038|mviewerid0000057|mviewerid0000058,0.200000,281.936000,0.000000,0.000000,346.902440,0.000000,0.000000,true,32.898000,7,1.030000,"{""bora005"":20,""bora006"":27,""diablo01"":5,""diablo02"":6}","{""bora005"":0.089551,""bora006"":0.076596,""diablo01"":0.004322,""diablo02"":0.00401}",[]
prism_cc_cost,cluster_hetero,27,maddid0000037|mbackgroundid0000013|mbackgroundid0000033|mbackgroundid0000034|mbackgroundid0000035|mbackgroundid0000052|mbgmodelid0000012|mbgmodelid0000050|mdifffitid0000005|mdifffitid0000006|mdifffitid0000007|mdifffitid0000009|mdifffitid0000010|mdifffitid0000024|mdifffitid0000026|mdifffitid0000027|mdifffitid0000028|mdifffitid0000048|mimgtblid0000017|mimgtblid0000036|mprojectid0000002|mprojectid0000003|mprojectid0000020|mprojectid0000021|mprojectid0000039|mprojectid0000041|mviewerid0000038|mviewerid0000057|mviewerid0000058,0.200000,281.936000,0.000000,0.000000,346.902440,0.000000,0.000000,true,32.898000,7,186.009000,"{""bora005"":20,""bora006"":27,""diablo01"":5,""diablo02"":6}","{""bora005"":0.089551,""bora006"":0.076596,""diablo01"":0.004322,""diablo02"":0.00401}","[{""rank"":1,""recommended"":true,""feasible"":true,""budget_used"":0,""budget_violation"":0,""makespan"":281.936,""deadline_violation"":0,""machine_signature"":""290a9a7c86cec951"",""weighted_score"":0,""diversity_score"":3.534483},{""rank"":2,""recommended"":false,""feasible"":true,""budget_used"":0,""budget_violation"":0,""makespan"":282.73,""deadline_violation"":0,""machine_signature"":""0ccf888dfd6ea503"",""weighted_score"":0,""diversity_score"":3.551724}]"
prism_cc_time,cluster_hetero,27,maddid0000037|mbackgroundid0000013|mbackgroundid0000033|mbackgroundid0000034|mbackgroundid0000035|mbackgroundid0000052|mbgmodelid0000012|mbgmodelid0000050|mdifffitid0000005|mdifffitid0000006|mdifffitid0000007|mdifffitid0000009|mdifffitid0000010|mdifffitid0000024|mdifffitid0000026|mdifffitid0000027|mdifffitid0000028|mdifffitid0000048|mimgtblid0000017|mimgtblid0000036|mprojectid0000002|mprojectid0000003|mprojectid0000020|mprojectid0000021|mprojectid0000039|mprojectid0000041|mviewerid0000038|mviewerid0000057|mviewerid0000058,0.200000,281.936000,0.000000,0.000000,346.902440,0.000000,0.000000,true,32.898000,7,186.009000,"{""bora005"":20,""bora006"":27,""diablo01"":5,""diablo02"":6}","{""bora005"":0.089551,""bora006"":0.076596,""diablo01"":0.004322,""diablo02"":0.00401}","[{""rank"":1,""recommended"":true,""feasible"":true,""budget_used"":0,""budget_violation"":0,""makespan"":281.936,""deadline_violation"":0,""machine_signature"":""290a9a7c86cec951"",""weighted_score"":0.997192,""diversity_score"":3.534483},{""rank"":2,""recommended"":false,""feasible"":true,""budget_used"":0,""budget_violation"":0,""makespan"":282.73,""deadline_violation"":0,""machine_signature"":""0ccf888dfd6ea503"",""weighted_score"":1,""diversity_score"":3.551724}]"
heft_colocation,cluster_homo,27,maddid0000037|mbackgroundid0000013|mbackgroundid0000033|mbackgroundid0000034|mbackgroundid0000035|mbackgroundid0000052|mbgmodelid0000012|mbgmodelid0000050|mdifffitid0000005|mdifffitid0000006|mdifffitid0000007|mdifffitid0000009|mdifffitid0000010|mdifffitid0000024|mdifffitid0000026|mdifffitid0000027|mdifffitid0000028|mdifffitid0000048|mimgtblid0000017|mimgtblid0000036|mprojectid0000002|mprojectid0000003|mprojectid0000020|mprojectid0000021|mprojectid0000039|mprojectid0000041|mviewerid0000038|mviewerid0000057|mviewerid0000058,0.200000,281.326000,0.000000,0.000000,337.591200,0.000000,0.000000,true,22.121000,3,1.370000,"{""bora001"":16,""bora002"":17,""bora003"":15,""bora004"":10}","{""bora001"":0.033493,""bora002"":0.048141,""bora003"":0.051751,""bora004"":0.043952}",[]
prism_cc_cost,cluster_homo,27,maddid0000037|mbackgroundid0000013|mbackgroundid0000033|mbackgroundid0000034|mbackgroundid0000035|mbackgroundid0000052|mbgmodelid0000012|mbgmodelid0000050|mdifffitid0000005|mdifffitid0000006|mdifffitid0000007|mdifffitid0000009|mdifffitid0000010|mdifffitid0000024|mdifffitid0000026|mdifffitid0000027|mdifffitid0000028|mdifffitid0000048|mimgtblid0000017|mimgtblid0000036|mprojectid0000002|mprojectid0000003|mprojectid0000020|mprojectid0000021|mprojectid0000039|mprojectid0000041|mviewerid0000038|mviewerid0000057|mviewerid0000058,0.200000,281.326000,0.000000,0.000000,337.591200,0.000000,0.000000,true,22.121000,3,160.815000,"{""bora001"":16,""bora002"":17,""bora003"":15,""bora004"":10}","{""bora001"":0.033493,""bora002"":0.048141,""bora003"":0.051751,""bora004"":0.043952}","[{""rank"":1,""recommended"":true,""feasible"":true,""budget_used"":0,""budget_violation"":0,""makespan"":281.326,""deadline_violation"":0,""machine_signature"":""5f27351ff6b2417a"",""weighted_score"":0,""diversity_score"":3.706897},{""rank"":2,""recommended"":false,""feasible"":true,""budget_used"":0,""budget_violation"":0,""makespan"":282.605,""deadline_violation"":0,""machine_signature"":""64099fc9fbdc5f6c"",""weighted_score"":0,""diversity_score"":3.706897}]"
prism_cc_time,cluster_homo,27,maddid0000037|mbackgroundid0000013|mbackgroundid0000033|mbackgroundid0000034|mbackgroundid0000035|mbackgroundid0000052|mbgmodelid0000012|mbgmodelid0000050|mdifffitid0000005|mdifffitid0000006|mdifffitid0000007|mdifffitid0000009|mdifffitid0000010|mdifffitid0000024|mdifffitid0000026|mdifffitid0000027|mdifffitid0000028|mdifffitid0000048|mimgtblid0000017|mimgtblid0000036|mprojectid0000002|mprojectid0000003|mprojectid0000020|mprojectid0000021|mprojectid0000039|mprojectid0000041|mviewerid0000038|mviewerid0000057|mviewerid0000058,0.200000,281.326000,0.000000,0.000000,337.591200,0.000000,0.000000,true,22.121000,3,160.815000,"{""bora001"":16,""bora002"":17,""bora003"":15,""bora004"":10}","{""bora001"":0.033493,""bora002"":0.048141,""bora003"":0.051751,""bora004"":0.043952}","[{""rank"":1,""recommended"":true,""feasible"":true,""budget_used"":0,""budget_violation"":0,""makespan"":281.326,""deadline_violation"":0,""machine_signature"":""5f27351ff6b2417a"",""weighted_score"":0.995474,""diversity_score"":3.706897},{""rank"":2,""recommended"":false,""feasible"":true,""budget_used"":0,""budget_violation"":0,""makespan"":282.605,""deadline_violation"":0,""machine_signature"":""64099fc9fbdc5f6c"",""weighted_score"":1,""diversity_score"":3.706897}]"
heft_colocation,hybrid_hetero,27,maddid0000037|mbackgroundid0000013|mbackgroundid0000033|mbackgroundid0000034|mbackgroundid0000035|mbackgroundid0000052|mbgmodelid0000012|mbgmodelid0000050|mdifffitid0000005|mdifffitid0000006|mdifffitid0000007|mdifffitid0000009|mdifffitid0000010|mdifffitid0000024|mdifffitid0000026|mdifffitid0000027|mdifffitid0000028|mdifffitid0000048|mimgtblid0000017|mimgtblid0000036|mprojectid0000002|mprojectid0000003|mprojectid0000020|mprojectid0000021|mprojectid0000039|mprojectid0000041|mviewerid0000038|mviewerid0000057|mviewerid0000058,0.200000,91.837000,0.445763,0.507908,117.111320,0.000000,0.000000,true,26.970000,21,1.461000,"{""bora011"":2,""diablo03"":1,""h3-standard-88-2"":8,""h4d-standard-192-7"":47}","{""bora011"":0.000555,""diablo03"":0.00021,""h3-standard-88-2"":0.00285,""h4d-standard-192-7"":0.018991}",[]
prism_cc_cost,hybrid_hetero,27,maddid0000037|mbackgroundid0000013|mbackgroundid0000033|mbackgroundid0000034|mbackgroundid0000035|mbackgroundid0000052|mbgmodelid0000012|mbgmodelid0000050|mdifffitid0000005|mdifffitid0000006|mdifffitid0000007|mdifffitid0000009|mdifffitid0000010|mdifffitid0000024|mdifffitid0000026|mdifffitid0000027|mdifffitid0000028|mdifffitid0000048|mimgtblid0000017|mimgtblid0000036|mprojectid0000002|mprojectid0000003|mprojectid0000020|mprojectid0000021|mprojectid0000039|mprojectid0000041|mviewerid0000038|mviewerid0000057|mviewerid0000058,0.200000,107.130000,0.127927,0.507908,117.111320,0.000000,0.000000,true,31.197000,19,386.189000,"{""bora011"":23,""diablo03"":20,""h4d-standard-192-7"":15}","{""bora011"":0.023903,""diablo03"":0.00756,""h3-standard-88-2"":0,""h4d-standard-192-7"":0.015704}","[{""rank"":1,""recommended"":true,""feasible"":true,""budget_used"":0.127927,""budget_violation"":0,""makespan"":107.13,""deadline_violation"":0,""machine_signature"":""27b362e5214f0883"",""weighted_score"":0.127927,""diversity_score"":2.603448},{""rank"":2,""recommended"":false,""feasible"":true,""budget_used"":0.202642,""budget_violation"":0,""makespan"":92.889,""deadline_violation"":0,""machine_signature"":""5f66903f3aebd8ce"",""weighted_score"":0.202642,""diversity_score"":2.310345},{""rank"":3,""recommended"":false,""feasible"":true,""budget_used"":0.427103,""budget_violation"":0,""makespan"":91.837,""deadline_violation"":0,""machine_signature"":""3a12e8385b8fb7a5"",""weighted_score"":0.427103,""diversity_score"":3.189655},{""rank"":4,""recommended"":false,""feasible"":true,""budget_used"":0.445763,""budget_violation"":0,""makespan"":91.837,""deadline_violation"":0,""machine_signature"":""d914671988fcd2df"",""weighted_score"":0.445763,""diversity_score"":3.189655}]"
prism_cc_time,hybrid_hetero,27,maddid0000037|mbackgroundid0000013|mbackgroundid0000033|mbackgroundid0000034|mbackgroundid0000035|mbackgroundid0000052|mbgmodelid0000012|mbgmodelid0000050|mdifffitid0000005|mdifffitid0000006|mdifffitid0000007|mdifffitid0000009|mdifffitid0000010|mdifffitid0000024|mdifffitid0000026|mdifffitid0000027|mdifffitid0000028|mdifffitid0000048|mimgtblid0000017|mimgtblid0000036|mprojectid0000002|mprojectid0000003|mprojectid0000020|mprojectid0000021|mprojectid0000039|mprojectid0000041|mviewerid0000038|mviewerid0000057|mviewerid0000058,0.200000,91.837000,0.427103,0.507908,117.111320,0.000000,0.000000,true,26.970000,21,386.189000,"{""bora011"":3,""diablo03"":1,""h3-standard-88-2"":7,""h4d-standard-192-7"":47}","{""bora011"":0.000597,""diablo03"":0.00021,""h3-standard-88-2"":0.002843,""h4d-standard-192-7"":0.018991}","[{""rank"":1,""recommended"":true,""feasible"":true,""budget_used"":0.427103,""budget_violation"":0,""makespan"":91.837,""deadline_violation"":0,""machine_signature"":""3a12e8385b8fb7a5"",""weighted_score"":0.857248,""diversity_score"":3.189655},{""rank"":2,""recommended"":false,""feasible"":true,""budget_used"":0.445763,""budget_violation"":0,""makespan"":91.837,""deadline_violation"":0,""machine_signature"":""d914671988fcd2df"",""weighted_score"":0.857248,""diversity_score"":3.189655},{""rank"":3,""recommended"":false,""feasible"":true,""budget_used"":0.202642,""budget_violation"":0,""makespan"":92.889,""deadline_violation"":0,""machine_signature"":""5f66903f3aebd8ce"",""weighted_score"":0.867068,""diversity_score"":2.310345},{""rank"":4,""recommended"":false,""feasible"":true,""budget_used"":0.127927,""budget_violation"":0,""makespan"":107.13,""deadline_violation"":0,""machine_signature"":""27b362e5214f0883"",""weighted_score"":1,""diversity_score"":2.603448}]"
heft_colocation,hybrid_homo,27,maddid0000037|mbackgroundid0000013|mbackgroundid0000033|mbackgroundid0000034|mbackgroundid0000035|mbackgroundid0000052|mbgmodelid0000012|mbgmodelid0000050|mdifffitid0000005|mdifffitid0000006|mdifffitid0000007|mdifffitid0000009|mdifffitid0000010|mdifffitid0000024|mdifffitid0000026|mdifffitid0000027|mdifffitid0000028|mdifffitid0000048|mimgtblid0000017|mimgtblid0000036|mprojectid0000002|mprojectid0000003|mprojectid0000020|mprojectid0000021|mprojectid0000039|mprojectid0000041|mviewerid0000038|mviewerid0000057|mviewerid0000058,0.200000,90.904000,0.616807,0.747528,110.602640,0.000000,0.000000,true,14.264000,16,1.568000,"{""bora009"":2,""bora010"":1,""h4d-standard-192-5"":31,""h4d-standard-192-6"":24}","{""bora009"":0.00056,""bora010"":0.000302,""h4d-standard-192-5"":0.008516,""h4d-standard-192-6"":0.010622}",[]
prism_cc_cost,hybrid_homo,27,maddid0000037|mbackgroundid0000013|mbackgroundid0000033|mbackgroundid0000034|mbackgroundid0000035|mbackgroundid0000052|mbgmodelid0000012|mbgmodelid0000050|mdifffitid0000005|mdifffitid0000006|mdifffitid0000007|mdifffitid0000009|mdifffitid0000010|mdifffitid0000024|mdifffitid0000026|mdifffitid0000027|mdifffitid0000028|mdifffitid0000048|mimgtblid0000017|mimgtblid0000036|mprojectid0000002|mprojectid0000003|mprojectid0000020|mprojectid0000021|mprojectid0000039|mprojectid0000041|mviewerid0000038|mviewerid0000057|mviewerid0000058,0.200000,106.197000,0.249218,0.747528,110.602640,0.000000,0.000000,true,27.139000,17,340.010000,"{""bora009"":21,""bora010"":15,""h4d-standard-192-5"":21,""h4d-standard-192-6"":1}","{""bora009"":0.00954,""bora010"":0.008514,""h4d-standard-192-5"":0.014291,""h4d-standard-192-6"":0.001923}","[{""rank"":1,""recommended"":true,""feasible"":true,""budget_used"":0.249218,""budget_violation"":0,""makespan"":106.197,""deadline_violation"":0,""machine_signature"":""08b666b64b33eeef"",""weighted_score"":0.249218,""diversity_score"":3.637931},{""rank"":2,""recommended"":false,""feasible"":true,""budget_used"":0.340887,""budget_violation"":0,""makespan"":97.77,""deadline_violation"":0,""machine_signature"":""966d9585424e7475"",""weighted_score"":0.340887,""diversity_score"":3.482759},{""rank"":3,""recommended"":false,""feasible"":true,""budget_used"":0.607869,""budget_violation"":0,""makespan"":90.904,""deadline_violation"":0,""machine_signature"":""516143a650835fc2"",""weighted_score"":0.607869,""diversity_score"":3.482759},{""rank"":4,""recommended"":false,""feasible"":true,""budget_used"":0.616807,""budget_violation"":0,""makespan"":90.904,""deadline_violation"":0,""machine_signature"":""ed95c434807027f7"",""weighted_score"":0.616807,""diversity_score"":3.465517}]"
prism_cc_time,hybrid_homo,27,maddid0000037|mbackgroundid0000013|mbackgroundid0000033|mbackgroundid0000034|mbackgroundid0000035|mbackgroundid0000052|mbgmodelid0000012|mbgmodelid0000050|mdifffitid0000005|mdifffitid0000006|mdifffitid0000007|mdifffitid0000009|mdifffitid0000010|mdifffitid0000024|mdifffitid0000026|mdifffitid0000027|mdifffitid0000028|mdifffitid0000048|mimgtblid0000017|mimgtblid0000036|mprojectid0000002|mprojectid0000003|mprojectid0000020|mprojectid0000021|mprojectid0000039|mprojectid0000041|mviewerid0000038|mviewerid0000057|mviewerid0000058,0.200000,90.904000,0.607869,0.747528,110.602640,0.000000,0.000000,true,14.264000,16,340.010000,"{""bora009"":3,""bora010"":1,""h4d-standard-192-5"":30,""h4d-standard-192-6"":24}","{""bora009"":0.000604,""bora010"":0.000302,""h4d-standard-192-5"":0.008514,""h4d-standard-192-6"":0.010622}","[{""rank"":1,""recommended"":true,""feasible"":true,""budget_used"":0.607869,""budget_violation"":0,""makespan"":90.904,""deadline_violation"":0,""machine_signature"":""516143a650835fc2"",""weighted_score"":0.855994,""diversity_score"":3.482759},{""rank"":2,""recommended"":false,""feasible"":true,""budget_used"":0.616807,""budget_violation"":0,""makespan"":90.904,""deadline_violation"":0,""machine_signature"":""ed95c434807027f7"",""weighted_score"":0.855994,""diversity_score"":3.465517},{""rank"":3,""recommended"":false,""feasible"":true,""budget_used"":0.340887,""budget_violation"":0,""makespan"":97.77,""deadline_violation"":0,""machine_signature"":""966d9585424e7475"",""weighted_score"":0.920647,""diversity_score"":3.482759},{""rank"":4,""recommended"":false,""feasible"":true,""budget_used"":0.249218,""budget_violation"":0,""makespan"":106.197,""deadline_violation"":0,""machine_signature"":""08b666b64b33eeef"",""weighted_score"":1,""diversity_score"":3.637931}]"
heft_colocation,cloud_hetero,28,maddid0000037|maddid0000056|mbackgroundid0000013|mbackgroundid0000014|mbackgroundid0000015|mbackgroundid0000016|mbackgroundid0000032|mbackgroundid0000035|mbackgroundid0000053|mbackgroundid0000054|mbgmodelid0000012|mbgmodelid0000050|mconcatfitid0000030|mdifffitid0000005|mdifffitid0000009|mdifffitid0000010|mdifffitid0000024|mdifffitid0000028|mdifffitid0000044|mdifffitid0000046|mimgtblid0000036|mprojectid0000001|mprojectid0000002|mprojectid0000004|mprojectid0000040|mprojectid0000041|mprojectid0000042|mviewerid0000019|mviewerid0000057,0.200000,94.304000,0.673219,0.809118,110.678240,0.000000,0.000000,true,24.884000,20,2.070000,"{""h4d-highmem-192-1"":25,""h4d-standard-192-1"":33}","{""h3-standard-88-1"":0,""h3-standard-88-2"":0,""h4d-highmem-192-1"":0.010098,""h4d-standard-192-1"":0.008964}",[]
prism_cc_cost,cloud_hetero,28,maddid0000037|maddid0000056|mbackgroundid0000013|mbackgroundid0000014|mbackgroundid0000015|mbackgroundid0000016|mbackgroundid0000032|mbackgroundid0000035|mbackgroundid0000053|mbackgroundid0000054|mbgmodelid0000012|mbgmodelid0000050|mconcatfitid0000030|mdifffitid0000005|mdifffitid0000009|mdifffitid0000010|mdifffitid0000024|mdifffitid0000028|mdifffitid0000044|mdifffitid0000046|mimgtblid0000036|mprojectid0000001|mprojectid0000002|mprojectid0000004|mprojectid0000040|mprojectid0000041|mprojectid0000042|mviewerid0000019|mviewerid0000057,0.200000,106.921000,0.233262,0.809118,110.678240,0.000000,0.000000,true,65.156000,50,392.892000,"{""h4d-standard-192-1"":58}","{""h3-standard-88-1"":0,""h3-standard-88-2"":0,""h4d-highmem-192-1"":0,""h4d-standard-192-1"":0.018775}","[{""rank"":1,""recommended"":true,""feasible"":true,""budget_used"":0.233262,""budget_violation"":0,""makespan"":106.921,""deadline_violation"":0,""machine_signature"":""0045bc90d77a7af3"",""weighted_score"":0.233262,""diversity_score"":0},{""rank"":2,""recommended"":false,""feasible"":true,""budget_used"":0.591072,""budget_violation"":0,""makespan"":94.776,""deadline_violation"":0,""machine_signature"":""fbe3b9b642eaf357"",""weighted_score"":0.591072,""diversity_score"":1.431034},{""rank"":3,""recommended"":false,""feasible"":true,""budget_used"":0.656843,""budget_violation"":0,""makespan"":94.304,""deadline_violation"":0,""machine_signature"":""1eb13e62d843a59b"",""weighted_score"":0.656843,""diversity_score"":1.396552},{""rank"":4,""recommended"":false,""feasible"":true,""budget_used"":0.673219,""budget_violation"":0,""makespan"":94.304,""deadline_violation"":0,""machine_signature"":""48d53084d419c4f9"",""weighted_score"":0.673219,""diversity_score"":1.431034}]"
prism_cc_time,cloud_hetero,28,maddid0000037|maddid0000056|mbackgroundid0000013|mbackgroundid0000014|mbackgroundid0000015|mbackgroundid0000016|mbackgroundid0000032|mbackgroundid0000035|mbackgroundid0000053|mbackgroundid0000054|mbgmodelid0000012|mbgmodelid0000050|mconcatfitid0000030|mdifffitid0000005|mdifffitid0000009|mdifffitid0000010|mdifffitid0000024|mdifffitid0000028|mdifffitid0000044|mdifffitid0000046|mimgtblid0000036|mprojectid0000001|mprojectid0000002|mprojectid0000004|mprojectid0000040|mprojectid0000041|mprojectid0000042|mviewerid0000019|mviewerid0000057,0.200000,94.304000,0.656843,0.809118,110.678240,0.000000,0.000000,true,24.884000,20,392.892000,"{""h4d-highmem-192-1"":23,""h4d-standard-192-1"":35}","{""h3-standard-88-1"":0,""h3-standard-88-2"":0,""h4d-highmem-192-1"":0.010074,""h4d-standard-192-1"":0.008988}","[{""rank"":1,""recommended"":true,""feasible"":true,""budget_used"":0.656843,""budget_violation"":0,""makespan"":94.304,""deadline_violation"":0,""machine_signature"":""1eb13e62d843a59b"",""weighted_score"":0.881997,""diversity_score"":1.396552},{""rank"":2,""recommended"":false,""feasible"":true,""budget_used"":0.673219,""budget_violation"":0,""makespan"":94.304,""deadline_violation"":0,""machine_signature"":""48d53084d419c4f9"",""weighted_score"":0.881997,""diversity_score"":1.431034},{""rank"":3,""recommended"":false,""feasible"":true,""budget_used"":0.591072,""budget_violation"":0,""makespan"":94.776,""deadline_violation"":0,""machine_signature"":""fbe3b9b642eaf357"",""weighted_score"":0.886411,""diversity_score"":1.431034},{""rank"":4,""recommended"":false,""feasible"":true,""budget_used"":0.233262,""budget_violation"":0,""makespan"":106.921,""deadline_violation"":0,""machine_signature"":""0045bc90d77a7af3"",""weighted_score"":1,""diversity_score"":0}]"
heft_colocation,cloud_homo,28,maddid0000037|maddid0000056|mbackgroundid0000013|mbackgroundid0000014|mbackgroundid0000015|mbackgroundid0000016|mbackgroundid0000032|mbackgroundid0000035|mbackgroundid0000053|mbackgroundid0000054|mbgmodelid0000012|mbgmodelid0000050|mconcatfitid0000030|mdifffitid0000005|mdifffitid0000009|mdifffitid0000010|mdifffitid0000024|mdifffitid0000028|mdifffitid0000044|mdifffitid0000046|mimgtblid0000036|mprojectid0000001|mprojectid0000002|mprojectid0000004|mprojectid0000040|mprojectid0000041|mprojectid0000042|mviewerid0000019|mviewerid0000057,0.200000,88.371000,1.133959,1.344726,106.047360,0.000000,0.000000,true,6.355000,7,3.273000,"{""h4d-standard-192-1"":18,""h4d-standard-192-2"":13,""h4d-standard-192-3"":15,""h4d-standard-192-4"":12}","{""h4d-standard-192-1"":0.004384,""h4d-standard-192-2"":0.005584,""h4d-standard-192-3"":0.003129,""h4d-standard-192-4"":0.006152}",[]
prism_cc_cost,cloud_homo,28,maddid0000037|maddid0000056|mbackgroundid0000013|mbackgroundid0000014|mbackgroundid0000015|mbackgroundid0000016|mbackgroundid0000032|mbackgroundid0000035|mbackgroundid0000053|mbackgroundid0000054|mbgmodelid0000012|mbgmodelid0000050|mconcatfitid0000030|mdifffitid0000005|mdifffitid0000009|mdifffitid0000010|mdifffitid0000024|mdifffitid0000028|mdifffitid0000044|mdifffitid0000046|mimgtblid0000036|mprojectid0000001|mprojectid0000002|mprojectid0000004|mprojectid0000040|mprojectid0000041|mprojectid0000042|mviewerid0000019|mviewerid0000057,0.200000,105.468000,0.230087,1.344726,106.047360,0.000000,0.000000,true,64.385000,43,404.460000,"{""h4d-standard-192-1"":58}","{""h4d-standard-192-1"":0.018995,""h4d-standard-192-2"":0,""h4d-standard-192-3"":0,""h4d-standard-192-4"":0}","[{""rank"":1,""recommended"":true,""feasible"":true,""budget_used"":0.230087,""budget_violation"":0,""makespan"":105.468,""deadline_violation"":0,""machine_signature"":""33d35bb44e259c74"",""weighted_score"":0.202906,""diversity_score"":0},{""rank"":2,""recommended"":false,""feasible"":true,""budget_used"":0.747596,""budget_violation"":0,""makespan"":88.924,""deadline_violation"":0,""machine_signature"":""4543aef6f5c293a4"",""weighted_score"":0.65928,""diversity_score"":2.413793},{""rank"":3,""recommended"":false,""feasible"":true,""budget_used"":1.130611,""budget_violation"":0,""makespan"":88.371,""deadline_violation"":0,""machine_signature"":""bf7402896c4d570c"",""weighted_score"":0.997048,""diversity_score"":3.706897},{""rank"":4,""recommended"":false,""feasible"":true,""budget_used"":1.133959,""budget_violation"":0,""makespan"":88.371,""deadline_violation"":0,""machine_signature"":""e5c95d25c962e4b4"",""weighted_score"":1,""diversity_score"":3.689655}]"
prism_cc_time,cloud_homo,28,maddid0000037|maddid0000056|mbackgroundid0000013|mbackgroundid0000014|mbackgroundid0000015|mbackgroundid0000016|mbackgroundid0000032|mbackgroundid0000035|mbackgroundid0000053|mbackgroundid0000054|mbgmodelid0000012|mbgmodelid0000050|mconcatfitid0000030|mdifffitid0000005|mdifffitid0000009|mdifffitid0000010|mdifffitid0000024|mdifffitid0000028|mdifffitid0000044|mdifffitid0000046|mimgtblid0000036|mprojectid0000001|mprojectid0000002|mprojectid0000004|mprojectid0000040|mprojectid0000041|mprojectid0000042|mviewerid0000019|mviewerid0000057,0.200000,88.371000,1.130611,1.344726,106.047360,0.000000,0.000000,true,6.355000,7,404.460000,"{""h4d-standard-192-1"":17,""h4d-standard-192-2"":13,""h4d-standard-192-3"":15,""h4d-standard-192-4"":13}","{""h4d-standard-192-1"":0.004383,""h4d-standard-192-2"":0.005584,""h4d-standard-192-3"":0.003129,""h4d-standard-192-4"":0.006154}","[{""rank"":1,""recommended"":true,""feasible"":true,""budget_used"":1.130611,""budget_violation"":0,""makespan"":88.371,""deadline_violation"":0,""machine_signature"":""bf7402896c4d570c"",""weighted_score"":0.837894,""diversity_score"":3.706897},{""rank"":2,""recommended"":false,""feasible"":true,""budget_used"":1.133959,""budget_violation"":0,""makespan"":88.371,""deadline_violation"":0,""machine_signature"":""e5c95d25c962e4b4"",""weighted_score"":0.837894,""diversity_score"":3.689655},{""rank"":3,""recommended"":false,""feasible"":true,""budget_used"":0.747596,""budget_violation"":0,""makespan"":88.924,""deadline_violation"":0,""machine_signature"":""4543aef6f5c293a4"",""weighted_score"":0.843137,""diversity_score"":2.413793},{""rank"":4,""recommended"":false,""feasible"":true,""budget_used"":0.230087,""budget_violation"":0,""makespan"":105.468,""deadline_violation"":0,""machine_signature"":""33d35bb44e259c74"",""weighted_score"":1,""diversity_score"":0}]"
heft_colocation,cluster_hetero,28,maddid0000037|maddid0000056|mbackgroundid0000013|mbackgroundid0000014|mbackgroundid0000015|mbackgroundid0000016|mbackgroundid0000032|mbackgroundid0000035|mbackgroundid0000053|mbackgroundid0000054|mbgmodelid0000012|mbgmodelid0000050|mconcatfitid0000030|mdifffitid0000005|mdifffitid0000009|mdifffitid0000010|mdifffitid0000024|mdifffitid0000028|mdifffitid0000044|mdifffitid0000046|mimgtblid0000036|mprojectid0000001|mprojectid0000002|mprojectid0000004|mprojectid0000040|mprojectid0000041|mprojectid0000042|mviewerid0000019|mviewerid0000057,0.200000,302.525000,0.000000,0.000000,346.902440,0.000000,0.000000,true,68.583000,8,0.998000,"{""bora005"":23,""bora006"":20,""diablo01"":9,""diablo02"":6}","{""bora005"":0.075981,""bora006"":0.076217,""diablo01"":0.004619,""diablo02"":0.007302}",[]
prism_cc_cost,cluster_hetero,28,maddid0000037|maddid0000056|mbackgroundid0000013|mbackgroundid0000014|mbackgroundid0000015|mbackgroundid0000016|mbackgroundid0000032|mbackgroundid0000035|mbackgroundid0000053|mbackgroundid0000054|mbgmodelid0000012|mbgmodelid0000050|mconcatfitid0000030|mdifffitid0000005|mdifffitid0000009|mdifffitid0000010|mdifffitid0000024|mdifffitid0000028|mdifffitid0000044|mdifffitid0000046|mimgtblid0000036|mprojectid0000001|mprojectid0000002|mprojectid0000004|mprojectid0000040|mprojectid0000041|mprojectid0000042|mviewerid0000019|mviewerid0000057,0.200000,302.525000,0.000000,0.000000,346.902440,0.000000,0.000000,true,68.330000,7,163.731000,"{""bora005"":22,""bora006"":20,""diablo01"":10,""diablo02"":6}","{""bora005"":0.075841,""bora006"":0.076217,""diablo01"":0.004701,""diablo02"":0.007302}","[{""rank"":1,""recommended"":true,""feasible"":true,""budget_used"":0,""budget_violation"":0,""makespan"":302.525,""deadline_violation"":0,""machine_signature"":""b89b3ec048249dea"",""weighted_score"":0,""diversity_score"":3.62069},{""rank"":2,""recommended"":false,""feasible"":true,""budget_used"":0,""budget_violation"":0,""makespan"":302.525,""deadline_violation"":0,""machine_signature"":""b4223c4c788a8703"",""weighted_score"":0,""diversity_score"":3.603448}]"
prism_cc_time,cluster_hetero,28,maddid0000037|maddid0000056|mbackgroundid0000013|mbackgroundid0000014|mbackgroundid0000015|mbackgroundid0000016|mbackgroundid0000032|mbackgroundid0000035|mbackgroundid0000053|mbackgroundid0000054|mbgmodelid0000012|mbgmodelid0000050|mconcatfitid0000030|mdifffitid0000005|mdifffitid0000009|mdifffitid0000010|mdifffitid0000024|mdifffitid0000028|mdifffitid0000044|mdifffitid0000046|mimgtblid0000036|mprojectid0000001|mprojectid0000002|mprojectid0000004|mprojectid0000040|mprojectid0000041|mprojectid0000042|mviewerid0000019|mviewerid0000057,0.200000,302.525000,0.000000,0.000000,346.902440,0.000000,0.000000,true,68.330000,7,163.731000,"{""bora005"":22,""bora006"":20,""diablo01"":10,""diablo02"":6}","{""bora005"":0.075841,""bora006"":0.076217,""diablo01"":0.004701,""diablo02"":0.007302}","[{""rank"":1,""recommended"":true,""feasible"":true,""budget_used"":0,""budget_violation"":0,""makespan"":302.525,""deadline_violation"":0,""machine_signature"":""b89b3ec048249dea"",""weighted_score"":1,""diversity_score"":3.62069},{""rank"":2,""recommended"":false,""feasible"":true,""budget_used"":0,""budget_violation"":0,""makespan"":302.525,""deadline_violation"":0,""machine_signature"":""b4223c4c788a8703"",""weighted_score"":1,""diversity_score"":3.603448}]"
heft_colocation,cluster_homo,28,maddid0000037|maddid0000056|mbackgroundid0000013|mbackgroundid0000014|mbackgroundid0000015|mbackgroundid0000016|mbackgroundid0000032|mbackgroundid0000035|mbackgroundid0000053|mbackgroundid0000054|mbgmodelid0000012|mbgmodelid0000050|mconcatfitid0000030|mdifffitid0000005|mdifffitid0000009|mdifffitid0000010|mdifffitid0000024|mdifffitid0000028|mdifffitid0000044|mdifffitid0000046|mimgtblid0000036|mprojectid0000001|mprojectid0000002|mprojectid0000004|mprojectid0000040|mprojectid0000041|mprojectid0000042|mviewerid0000019|mviewerid0000057,0.200000,281.326000,0.000000,0.000000,337.591200,0.000000,0.000000,true,34.645000,6,0.805000,"{""bora001"":16,""bora002"":23,""bora003"":9,""bora004"":10}","{""bora001"":0.040763,""bora002"":0.053759,""bora003"":0.027641,""bora004"":0.056411}",[]
prism_cc_cost,cluster_homo,28,maddid0000037|maddid0000056|mbackgroundid0000013|mbackgroundid0000014|mbackgroundid0000015|mbackgroundid0000016|mbackgroundid0000032|mbackgroundid0000035|mbackgroundid0000053|mbackgroundid0000054|mbgmodelid0000012|mbgmodelid0000050|mconcatfitid0000030|mdifffitid0000005|mdifffitid0000009|mdifffitid0000010|mdifffitid0000024|mdifffitid0000028|mdifffitid0000044|mdifffitid0000046|mimgtblid0000036|mprojectid0000001|mprojectid0000002|mprojectid0000004|mprojectid0000040|mprojectid0000041|mprojectid0000042|mviewerid0000019|mviewerid0000057,0.200000,281.326000,0.000000,0.000000,337.591200,0.000000,0.000000,true,34.645000,6,154.640000,"{""bora001"":16,""bora002"":23,""bora003"":9,""bora004"":10}","{""bora001"":0.040763,""bora002"":0.053759,""bora003"":0.027641,""bora004"":0.056411}","[{""rank"":1,""recommended"":true,""feasible"":true,""budget_used"":0,""budget_violation"":0,""makespan"":281.326,""deadline_violation"":0,""machine_signature"":""4edba1cec7de4af5"",""weighted_score"":0,""diversity_score"":3.603448},{""rank"":2,""recommended"":false,""feasible"":true,""budget_used"":0,""budget_violation"":0,""makespan"":281.725,""deadline_violation"":0,""machine_signature"":""e98dea39a0bae54d"",""weighted_score"":0,""diversity_score"":3.603448}]"
prism_cc_time,cluster_homo,28,maddid0000037|maddid0000056|mbackgroundid0000013|mbackgroundid0000014|mbackgroundid0000015|mbackgroundid0000016|mbackgroundid0000032|mbackgroundid0000035|mbackgroundid0000053|mbackgroundid0000054|mbgmodelid0000012|mbgmodelid0000050|mconcatfitid0000030|mdifffitid0000005|mdifffitid0000009|mdifffitid0000010|mdifffitid0000024|mdifffitid0000028|mdifffitid0000044|mdifffitid0000046|mimgtblid0000036|mprojectid0000001|mprojectid0000002|mprojectid0000004|mprojectid0000040|mprojectid0000041|mprojectid0000042|mviewerid0000019|mviewerid0000057,0.200000,281.326000,0.000000,0.000000,337.591200,0.000000,0.000000,true,34.645000,6,154.640000,"{""bora001"":16,""bora002"":23,""bora003"":9,""bora004"":10}","{""bora001"":0.040763,""bora002"":0.053759,""bora003"":0.027641,""bora004"":0.056411}","[{""rank"":1,""recommended"":true,""feasible"":true,""budget_used"":0,""budget_violation"":0,""makespan"":281.326,""deadline_violation"":0,""machine_signature"":""4edba1cec7de4af5"",""weighted_score"":0.998584,""diversity_score"":3.603448},{""rank"":2,""recommended"":false,""feasible"":true,""budget_used"":0,""budget_violation"":0,""makespan"":281.725,""deadline_violation"":0,""machine_signature"":""e98dea39a0bae54d"",""weighted_score"":1,""diversity_score"":3.603448}]"
heft_colocation,hybrid_hetero,28,maddid0000037|maddid0000056|mbackgroundid0000013|mbackgroundid0000014|mbackgroundid0000015|mbackgroundid0000016|mbackgroundid0000032|mbackgroundid0000035|mbackgroundid0000053|mbackgroundid0000054|mbgmodelid0000012|mbgmodelid0000050|mconcatfitid0000030|mdifffitid0000005|mdifffitid0000009|mdifffitid0000010|mdifffitid0000024|mdifffitid0000028|mdifffitid0000044|mdifffitid0000046|mimgtblid0000036|mprojectid0000001|mprojectid0000002|mprojectid0000004|mprojectid0000040|mprojectid0000041|mprojectid0000042|mviewerid0000019|mviewerid0000057,0.200000,103.142000,0.472203,0.507908,117.111320,0.000000,0.000000,true,53.337000,34,1.652000,"{""bora011"":2,""diablo03"":2,""h3-standard-88-2"":10,""h4d-standard-192-7"":44}","{""bora011"":0.000494,""diablo03"":0.00048,""h3-standard-88-2"":0.002996,""h4d-standard-192-7"":0.018124}",[]
prism_cc_cost,hybrid_hetero,28,maddid0000037|maddid0000056|mbackgroundid0000013|mbackgroundid0000014|mbackgroundid0000015|mbackgroundid0000016|mbackgroundid0000032|mbackgroundid0000035|mbackgroundid0000053|mbackgroundid0000054|mbgmodelid0000012|mbgmodelid0000050|mconcatfitid0000030|mdifffitid0000005|mdifffitid0000009|mdifffitid0000010|mdifffitid0000024|mdifffitid0000028|mdifffitid0000044|mdifffitid0000046|mimgtblid0000036|mprojectid0000001|mprojectid0000002|mprojectid0000004|mprojectid0000040|mprojectid0000041|mprojectid0000042|mviewerid0000019|mviewerid0000057,0.200000,111.172000,0.263224,0.507908,117.111320,0.000000,0.000000,true,53.203000,32,337.200000,"{""bora011"":18,""diablo03"":11,""h3-standard-88-2"":3,""h4d-standard-192-7"":26}","{""bora011"":0.005744,""diablo03"":0.003069,""h3-standard-88-2"":0.002412,""h4d-standard-192-7"":0.016591}","[{""rank"":1,""recommended"":true,""feasible"":true,""budget_used"":0.263224,""budget_violation"":0,""makespan"":111.172,""deadline_violation"":0,""machine_signature"":""fae66d0ce5948fa0"",""weighted_score"":0.263224,""diversity_score"":3.551724},{""rank"":2,""recommended"":false,""feasible"":true,""budget_used"":0.314484,""budget_violation"":0,""makespan"":105.158,""deadline_violation"":0,""machine_signature"":""1e9950772b6dcf50"",""weighted_score"":0.314484,""diversity_score"":3.293103},{""rank"":3,""recommended"":false,""feasible"":true,""budget_used"":0.33269,""budget_violation"":0,""makespan"":103.497,""deadline_violation"":0,""machine_signature"":""ad8a362afe2e1b1a"",""weighted_score"":0.33269,""diversity_score"":3.258621},{""rank"":4,""recommended"":false,""feasible"":true,""budget_used"":0.433124,""budget_violation"":0,""makespan"":103.142,""deadline_violation"":0,""machine_signature"":""e1a7d3b9d2f578ba"",""weighted_score"":0.433124,""diversity_score"":3.241379},{""rank"":5,""recommended"":false,""feasible"":true,""budget_used"":0.472203,""budget_violation"":0,""makespan"":103.142,""deadline_violation"":0,""machine_signature"":""8f0f4194b8c40c74"",""weighted_score"":0.472203,""diversity_score"":3.241379}]"
prism_cc_time,hybrid_hetero,28,maddid0000037|maddid0000056|mbackgroundid0000013|mbackgroundid0000014|mbackgroundid0000015|mbackgroundid0000016|mbackgroundid0000032|mbackgroundid0000035|mbackgroundid0000053|mbackgroundid0000054|mbgmodelid0000012|mbgmodelid0000050|mconcatfitid0000030|mdifffitid0000005|mdifffitid0000009|mdifffitid0000010|mdifffitid0000024|mdifffitid0000028|mdifffitid0000044|mdifffitid0000046|mimgtblid0000036|mprojectid0000001|mprojectid0000002|mprojectid0000004|mprojectid0000040|mprojectid0000041|mprojectid0000042|mviewerid0000019|mviewerid0000057,0.200000,103.142000,0.433124,0.507908,117.111320,0.000000,0.000000,true,53.337000,34,337.200000,"{""bora011"":3,""diablo03"":2,""h3-standard-88-2"":9,""h4d-standard-192-7"":44}","{""bora011"":0.000532,""diablo03"":0.00048,""h3-standard-88-2"":0.00299,""h4d-standard-192-7"":0.018124}","[{""rank"":1,""recommended"":true,""feasible"":true,""budget_used"":0.433124,""budget_violation"":0,""makespan"":103.142,""deadline_violation"":0,""machine_signature"":""e1a7d3b9d2f578ba"",""weighted_score"":0.92777,""diversity_score"":3.241379},{""rank"":2,""recommended"":false,""feasible"":true,""budget_used"":0.472203,""budget_violation"":0,""makespan"":103.142,""deadline_violation"":0,""machine_signature"":""8f0f4194b8c40c74"",""weighted_score"":0.92777,""diversity_score"":3.241379},{""rank"":3,""recommended"":false,""feasible"":true,""budget_used"":0.33269,""budget_violation"":0,""makespan"":103.497,""deadline_violation"":0,""machine_signature"":""ad8a362afe2e1b1a"",""weighted_score"":0.930963,""diversity_score"":3.258621},{""rank"":4,""recommended"":false,""feasible"":true,""budget_used"":0.314484,""budget_violation"":0,""makespan"":105.158,""deadline_violation"":0,""machine_signature"":""1e9950772b6dcf50"",""weighted_score"":0.945904,""diversity_score"":3.293103},{""rank"":5,""recommended"":false,""feasible"":true,""budget_used"":0.263224,""budget_violation"":0,""makespan"":111.172,""deadline_violation"":0,""machine_signature"":""fae66d0ce5948fa0"",""weighted_score"":1,""diversity_score"":3.551724}]"
heft_colocation,hybrid_homo,28,maddid0000037|maddid0000056|mbackgroundid0000013|mbackgroundid0000014|mbackgroundid0000015|mbackgroundid0000016|mbackgroundid0000032|mbackgroundid0000035|mbackgroundid0000053|mbackgroundid0000054|mbgmodelid0000012|mbgmodelid0000050|mconcatfitid0000030|mdifffitid0000005|mdifffitid0000009|mdifffitid0000010|mdifffitid0000024|mdifffitid0000028|mdifffitid0000044|mdifffitid0000046|mimgtblid0000036|mprojectid0000001|mprojectid0000002|mprojectid0000004|mprojectid0000040|mprojectid0000041|mprojectid0000042|mviewerid0000019|mviewerid0000057,0.200000,94.227000,0.623198,0.747528,110.602640,0.000000,0.000000,true,25.011000,21,1.713000,"{""bora009"":2,""bora010"":1,""h4d-standard-192-5"":31,""h4d-standard-192-6"":24}","{""bora009"":0.000541,""bora010"":0.000291,""h4d-standard-192-5"":0.008967,""h4d-standard-192-6"":0.01009}",[]
prism_cc_cost,hybrid_homo,28,maddid0000037|maddid0000056|mbackgroundid0000013|mbackgroundid0000014|mbackgroundid0000015|mbackgroundid0000016|mbackgroundid0000032|mbackgroundid0000035|mbackgroundid0000053|mbackgroundid0000054|mbgmodelid0000012|mbgmodelid0000050|mconcatfitid0000030|mdifffitid0000005|mdifffitid0000009|mdifffitid0000010|mdifffitid0000024|mdifffitid0000028|mdifffitid0000044|mdifffitid0000046|mimgtblid0000036|mprojectid0000001|mprojectid0000002|mprojectid0000004|mprojectid0000040|mprojectid0000041|mprojectid0000042|mviewerid0000019|mviewerid0000057,0.200000,95.702000,0.468221,0.747528,110.602640,0.000000,0.000000,true,24.746000,17,407.082000,"{""bora009"":8,""bora010"":4,""h4d-standard-192-5"":23,""h4d-standard-192-6"":23}","{""bora009"":0.001433,""bora010"":0.001883,""h4d-standard-192-5"":0.008735,""h4d-standard-192-6"":0.009929}","[{""rank"":1,""recommended"":true,""feasible"":true,""budget_used"":0.468221,""budget_violation"":0,""makespan"":95.702,""deadline_violation"":0,""machine_signature"":""edf5f305957a01da"",""weighted_score"":0.468221,""diversity_score"":3.603448},{""rank"":2,""recommended"":false,""feasible"":true,""budget_used"":0.475771,""budget_violation"":0,""makespan"":94.594,""deadline_violation"":0,""machine_signature"":""ac2c79cd5d23332b"",""weighted_score"":0.475771,""diversity_score"":3.586207},{""rank"":3,""recommended"":false,""feasible"":true,""budget_used"":0.614257,""budget_violation"":0,""makespan"":94.227,""deadline_violation"":0,""machine_signature"":""e18025e3b0f4a947"",""weighted_score"":0.614257,""diversity_score"":3.482759},{""rank"":4,""recommended"":false,""feasible"":true,""budget_used"":0.623198,""budget_violation"":0,""makespan"":94.227,""deadline_violation"":0,""machine_signature"":""931cfb690662628e"",""weighted_score"":0.623198,""diversity_score"":3.465517}]"
prism_cc_time,hybrid_homo,28,maddid0000037|maddid0000056|mbackgroundid0000013|mbackgroundid0000014|mbackgroundid0000015|mbackgroundid0000016|mbackgroundid0000032|mbackgroundid0000035|mbackgroundid0000053|mbackgroundid0000054|mbgmodelid0000012|mbgmodelid0000050|mconcatfitid0000030|mdifffitid0000005|mdifffitid0000009|mdifffitid0000010|mdifffitid0000024|mdifffitid0000028|mdifffitid0000044|mdifffitid0000046|mimgtblid0000036|mprojectid0000001|mprojectid0000002|mprojectid0000004|mprojectid0000040|mprojectid0000041|mprojectid0000042|mviewerid0000019|mviewerid0000057,0.200000,94.227000,0.614257,0.747528,110.602640,0.000000,0.000000,true,25.011000,21,407.082000,"{""bora009"":3,""bora010"":1,""h4d-standard-192-5"":30,""h4d-standard-192-6"":24}","{""bora009"":0.000582,""bora010"":0.000291,""h4d-standard-192-5"":0.008965,""h4d-standard-192-6"":0.01009}","[{""rank"":1,""recommended"":true,""feasible"":true,""budget_used"":0.614257,""budget_violation"":0,""makespan"":94.227,""deadline_violation"":0,""machine_signature"":""e18025e3b0f4a947"",""weighted_score"":0.984588,""diversity_score"":3.482759},{""rank"":2,""recommended"":false,""feasible"":true,""budget_used"":0.623198,""budget_violation"":0,""makespan"":94.227,""deadline_violation"":0,""machine_signature"":""931cfb690662628e"",""weighted_score"":0.984588,""diversity_score"":3.465517},{""rank"":3,""recommended"":false,""feasible"":true,""budget_used"":0.475771,""budget_violation"":0,""makespan"":94.594,""deadline_violation"":0,""machine_signature"":""ac2c79cd5d23332b"",""weighted_score"":0.988422,""diversity_score"":3.586207},{""rank"":4,""recommended"":false,""feasible"":true,""budget_used"":0.468221,""budget_violation"":0,""makespan"":95.702,""deadline_violation"":0,""machine_signature"":""edf5f305957a01da"",""weighted_score"":1,""diversity_score"":3.603448}]"
heft_colocation,cloud_hetero,29,maddid0000037|maddid0000056|mbackgroundid0000013|mbackgroundid0000016|mbackgroundid0000033|mbgmodelid0000050|mconcatfitid0000011|mconcatfitid0000049|mdifffitid0000006|mdifffitid0000007|mdifffitid0000008|mdifffitid0000009|mdifffitid0000010|mdifffitid0000024|mdifffitid0000025|mdifffitid0000027|mdifffitid0000028|mdifffitid0000029|mdifffitid0000044|mdifffitid0000047|mimgtblid0000017|mprojectid0000001|mprojectid0000003|mprojectid0000020|mprojectid0000039|mprojectid0000040|mprojectid0000042|mviewerid0000019|mviewerid0000038,0.200000,95.081000,0.679286,0.809118,110.678240,0.000000,0.000000,true,28.595000,28,1.945000,"{""h4d-highmem-192-1"":24,""h4d-standard-192-1"":34}","{""h3-standard-88-1"":0,""h3-standard-88-2"":0,""h4d-highmem-192-1"":0.008971,""h4d-standard-192-1"":0.010138}",[]
prism_cc_cost,cloud_hetero,29,maddid0000037|maddid0000056|mbackgroundid0000013|mbackgroundid0000016|mbackgroundid0000033|mbgmodelid0000050|mconcatfitid0000011|mconcatfitid0000049|mdifffitid0000006|mdifffitid0000007|mdifffitid0000008|mdifffitid0000009|mdifffitid0000010|mdifffitid0000024|mdifffitid0000025|mdifffitid0000027|mdifffitid0000028|mdifffitid0000029|mdifffitid0000044|mdifffitid0000047|mimgtblid0000017|mprojectid0000001|mprojectid0000003|mprojectid0000020|mprojectid0000039|mprojectid0000040|mprojectid0000042|mviewerid0000019|mviewerid0000038,0.200000,95.955000,0.574220,0.809118,110.678240,0.000000,0.000000,true,28.555000,27,340.506000,"{""h4d-highmem-192-1"":23,""h4d-standard-192-1"":35}","{""h3-standard-88-1"":0,""h3-standard-88-2"":0,""h4d-highmem-192-1"":0.008847,""h4d-standard-192-1"":0.010086}","[{""rank"":1,""recommended"":true,""feasible"":true,""budget_used"":0.57422,""budget_violation"":0,""makespan"":95.955,""deadline_violation"":0,""machine_signature"":""9f20115163b6aba4"",""weighted_score"":0.57422,""diversity_score"":1.396552},{""rank"":2,""recommended"":false,""feasible"":true,""budget_used"":0.604816,""budget_violation"":0,""makespan"":95.456,""deadline_violation"":0,""machine_signature"":""0e390f22a80d4406"",""weighted_score"":0.604816,""diversity_score"":1.37931},{""rank"":3,""recommended"":false,""feasible"":true,""budget_used"":0.662902,""budget_violation"":0,""makespan"":95.081,""deadline_violation"":0,""machine_signature"":""c7c0cb899fec5960"",""weighted_score"":0.662902,""diversity_score"":1.37931},{""rank"":4,""recommended"":false,""feasible"":true,""budget_used"":0.679286,""budget_violation"":0,""makespan"":95.081,""deadline_violation"":0,""machine_signature"":""21731008c4366651"",""weighted_score"":0.679286,""diversity_score"":1.413793}]"
prism_cc_time,cloud_hetero,29,maddid0000037|maddid0000056|mbackgroundid0000013|mbackgroundid0000016|mbackgroundid0000033|mbgmodelid0000050|mconcatfitid0000011|mconcatfitid0000049|mdifffitid0000006|mdifffitid0000007|mdifffitid0000008|mdifffitid0000009|mdifffitid0000010|mdifffitid0000024|mdifffitid0000025|mdifffitid0000027|mdifffitid0000028|mdifffitid0000029|mdifffitid0000044|mdifffitid0000047|mimgtblid0000017|mprojectid0000001|mprojectid0000003|mprojectid0000020|mprojectid0000039|mprojectid0000040|mprojectid0000042|mviewerid0000019|mviewerid0000038,0.200000,95.081000,0.662902,0.809118,110.678240,0.000000,0.000000,true,28.555000,27,340.506000,"{""h4d-highmem-192-1"":22,""h4d-standard-192-1"":36}","{""h3-standard-88-1"":0,""h3-standard-88-2"":0,""h4d-highmem-192-1"":0.008945,""h4d-standard-192-1"":0.010162}","[{""rank"":1,""recommended"":true,""feasible"":true,""budget_used"":0.662902,""budget_violation"":0,""makespan"":95.081,""deadline_violation"":0,""machine_signature"":""c7c0cb899fec5960"",""weighted_score"":0.990892,""diversity_score"":1.37931},{""rank"":2,""recommended"":false,""feasible"":true,""budget_used"":0.679286,""budget_violation"":0,""makespan"":95.081,""deadline_violation"":0,""machine_signature"":""21731008c4366651"",""weighted_score"":0.990892,""diversity_score"":1.413793},{""rank"":3,""recommended"":false,""feasible"":true,""budget_used"":0.604816,""budget_violation"":0,""makespan"":95.456,""deadline_violation"":0,""machine_signature"":""0e390f22a80d4406"",""weighted_score"":0.9948,""diversity_score"":1.37931},{""rank"":4,""recommended"":false,""feasible"":true,""budget_used"":0.57422,""budget_violation"":0,""makespan"":95.955,""deadline_violation"":0,""machine_signature"":""9f20115163b6aba4"",""weighted_score"":1,""diversity_score"":1.396552}]"
heft_colocation,cloud_homo,29,maddid0000037|maddid0000056|mbackgroundid0000013|mbackgroundid0000016|mbackgroundid0000033|mbgmodelid0000050|mconcatfitid0000011|mconcatfitid0000049|mdifffitid0000006|mdifffitid0000007|mdifffitid0000008|mdifffitid0000009|mdifffitid0000010|mdifffitid0000024|mdifffitid0000025|mdifffitid0000027|mdifffitid0000028|mdifffitid0000029|mdifffitid0000044|mdifffitid0000047|mimgtblid0000017|mprojectid0000001|mprojectid0000003|mprojectid0000020|mprojectid0000039|mprojectid0000040|mprojectid0000042|mviewerid0000019|mviewerid0000038,0.200000,88.371000,1.110582,1.344726,106.047360,0.000000,0.000000,true,6.201000,11,3.596000,"{""h4d-standard-192-1"":16,""h4d-standard-192-2"":19,""h4d-standard-192-3"":13,""h4d-standard-192-4"":10}","{""h4d-standard-192-1"":0.003746,""h4d-standard-192-2"":0.00665,""h4d-standard-192-3"":0.005249,""h4d-standard-192-4"":0.003596}",[]
prism_cc_cost,cloud_homo,29,maddid0000037|maddid0000056|mbackgroundid0000013|mbackgroundid0000016|mbackgroundid0000033|mbgmodelid0000050|mconcatfitid0000011|mconcatfitid0000049|mdifffitid0000006|mdifffitid0000007|mdifffitid0000008|mdifffitid0000009|mdifffitid0000010|mdifffitid0000024|mdifffitid0000025|mdifffitid0000027|mdifffitid0000028|mdifffitid0000029|mdifffitid0000044|mdifffitid0000047|mimgtblid0000017|mprojectid0000001|mprojectid0000003|mprojectid0000020|mprojectid0000039|mprojectid0000040|mprojectid0000042|mviewerid0000019|mviewerid0000038,0.200000,88.485000,0.991714,1.344726,106.047360,0.000000,0.000000,true,6.201000,11,368.202000,"{""h4d-standard-192-1"":14,""h4d-standard-192-2"":18,""h4d-standard-192-3"":11,""h4d-standard-192-4"":15}","{""h4d-standard-192-1"":0.003719,""h4d-standard-192-2"":0.006647,""h4d-standard-192-3"":0.005205,""h4d-standard-192-4"":0.003645}","[{""rank"":1,""recommended"":true,""feasible"":true,""budget_used"":0.991714,""budget_violation"":0,""makespan"":88.485,""deadline_violation"":0,""machine_signature"":""e54c12b2635adb9b"",""weighted_score"":0.892968,""diversity_score"":3.689655},{""rank"":2,""recommended"":false,""feasible"":true,""budget_used"":1.107231,""budget_violation"":0,""makespan"":88.371,""deadline_violation"":0,""machine_signature"":""652b9332c8cb1de5"",""weighted_score"":0.996983,""diversity_score"":3.672414},{""rank"":3,""recommended"":false,""feasible"":true,""budget_used"":1.110582,""budget_violation"":0,""makespan"":88.371,""deadline_violation"":0,""machine_signature"":""6c46c549d0d71817"",""weighted_score"":1,""diversity_score"":3.672414}]"
prism_cc_time,cloud_homo,29,maddid0000037|maddid0000056|mbackgroundid0000013|mbackgroundid0000016|mbackgroundid0000033|mbgmodelid0000050|mconcatfitid0000011|mconcatfitid0000049|mdifffitid0000006|mdifffitid0000007|mdifffitid0000008|mdifffitid0000009|mdifffitid0000010|mdifffitid0000024|mdifffitid0000025|mdifffitid0000027|mdifffitid0000028|mdifffitid0000029|mdifffitid0000044|mdifffitid0000047|mimgtblid0000017|mprojectid0000001|mprojectid0000003|mprojectid0000020|mprojectid0000039|mprojectid0000040|mprojectid0000042|mviewerid0000019|mviewerid0000038,0.200000,88.371000,1.107231,1.344726,106.047360,0.000000,0.000000,true,6.201000,11,368.202000,"{""h4d-standard-192-1"":15,""h4d-standard-192-2"":19,""h4d-standard-192-3"":13,""h4d-standard-192-4"":11}","{""h4d-standard-192-1"":0.003745,""h4d-standard-192-2"":0.00665,""h4d-standard-192-3"":0.005249,""h4d-standard-192-4"":0.003597}","[{""rank"":1,""recommended"":true,""feasible"":true,""budget_used"":1.107231,""budget_violation"":0,""makespan"":88.371,""deadline_violation"":0,""machine_signature"":""652b9332c8cb1de5"",""weighted_score"":0.998712,""diversity_score"":3.672414},{""rank"":2,""recommended"":false,""feasible"":true,""budget_used"":1.110582,""budget_violation"":0,""makespan"":88.371,""deadline_violation"":0,""machine_signature"":""6c46c549d0d71817"",""weighted_score"":0.998712,""diversity_score"":3.672414},{""rank"":3,""recommended"":false,""feasible"":true,""budget_used"":0.991714,""budget_violation"":0,""makespan"":88.485,""deadline_violation"":0,""machine_signature"":""e54c12b2635adb9b"",""weighted_score"":1,""diversity_score"":3.689655}]"
heft_colocation,cluster_hetero,29,maddid0000037|maddid0000056|mbackgroundid0000013|mbackgroundid0000016|mbackgroundid0000033|mbgmodelid0000050|mconcatfitid0000011|mconcatfitid0000049|mdifffitid0000006|mdifffitid0000007|mdifffitid0000008|mdifffitid0000009|mdifffitid0000010|mdifffitid0000024|mdifffitid0000025|mdifffitid0000027|mdifffitid0000028|mdifffitid0000029|mdifffitid0000044|mdifffitid0000047|mimgtblid0000017|mprojectid0000001|mprojectid0000003|mprojectid0000020|mprojectid0000039|mprojectid0000040|mprojectid0000042|mviewerid0000019|mviewerid0000038,0.200000,304.107000,0.000000,0.000000,346.902440,0.000000,0.000000,true,91.940000,14,1.972000,"{""bora005"":19,""bora006"":22,""diablo01"":8,""diablo02"":9}","{""bora005"":0.063125,""bora006"":0.0912,""diablo01"":0.005545,""diablo02"":0.005762}",[]
prism_cc_cost,cluster_hetero,29,maddid0000037|maddid0000056|mbackgroundid0000013|mbackgroundid0000016|mbackgroundid0000033|mbgmodelid0000050|mconcatfitid0000011|mconcatfitid0000049|mdifffitid0000006|mdifffitid0000007|mdifffitid0000008|mdifffitid0000009|mdifffitid0000010|mdifffitid0000024|mdifffitid0000025|mdifffitid0000027|mdifffitid0000028|mdifffitid0000029|mdifffitid0000044|mdifffitid0000047|mimgtblid0000017|mprojectid0000001|mprojectid0000003|mprojectid0000020|mprojectid0000039|mprojectid0000040|mprojectid0000042|mviewerid0000019|mviewerid0000038,0.200000,304.107000,0.000000,0.000000,346.902440,0.000000,0.000000,true,91.940000,14,191.355000,"{""bora005"":19,""bora006"":22,""diablo01"":8,""diablo02"":9}","{""bora005"":0.063125,""bora006"":0.0912,""diablo01"":0.005545,""diablo02"":0.005762}","[{""rank"":1,""recommended"":true,""feasible"":true,""budget_used"":0,""budget_violation"":0,""makespan"":304.107,""deadline_violation"":0,""machine_signature"":""bdda40f45296e9bf"",""weighted_score"":0,""diversity_score"":3.62069}]"
prism_cc_time,cluster_hetero,29,maddid0000037|maddid0000056|mbackgroundid0000013|mbackgroundid0000016|mbackgroundid0000033|mbgmodelid0000050|mconcatfitid0000011|mconcatfitid0000049|mdifffitid0000006|mdifffitid0000007|mdifffitid0000008|mdifffitid0000009|mdifffitid0000010|mdifffitid0000024|mdifffitid0000025|mdifffitid0000027|mdifffitid0000028|mdifffitid0000029|mdifffitid0000044|mdifffitid0000047|mimgtblid0000017|mprojectid0000001|mprojectid0000003|mprojectid0000020|mprojectid0000039|mprojectid0000040|mprojectid0000042|mviewerid0000019|mviewerid0000038,0.200000,304.107000,0.000000,0.000000,346.902440,0.000000,0.000000,true,91.940000,14,191.355000,"{""bora005"":19,""bora006"":22,""diablo01"":8,""diablo02"":9}","{""bora005"":0.063125,""bora006"":0.0912,""diablo01"":0.005545,""diablo02"":0.005762}","[{""rank"":1,""recommended"":true,""feasible"":true,""budget_used"":0,""budget_violation"":0,""makespan"":304.107,""deadline_violation"":0,""machine_signature"":""bdda40f45296e9bf"",""weighted_score"":1,""diversity_score"":3.62069}]"
heft_colocation,cluster_homo,29,maddid0000037|maddid0000056|mbackgroundid0000013|mbackgroundid0000016|mbackgroundid0000033|mbgmodelid0000050|mconcatfitid0000011|mconcatfitid0000049|mdifffitid0000006|mdifffitid0000007|mdifffitid0000008|mdifffitid0000009|mdifffitid0000010|mdifffitid0000024|mdifffitid0000025|mdifffitid0000027|mdifffitid0000028|mdifffitid0000029|mdifffitid0000044|mdifffitid0000047|mimgtblid0000017|mprojectid0000001|mprojectid0000003|mprojectid0000020|mprojectid0000039|mprojectid0000040|mprojectid0000042|mviewerid0000019|mviewerid0000038,0.200000,281.326000,0.000000,0.000000,337.591200,0.000000,0.000000,true,35.349000,15,0.829000,"{""bora001"":15,""bora002"":18,""bora003"":14,""bora004"":11}","{""bora001"":0.03475,""bora002"":0.061661,""bora003"":0.048748,""bora004"":0.033485}",[]
prism_cc_cost,cluster_homo,29,maddid0000037|maddid0000056|mbackgroundid0000013|mbackgroundid0000016|mbackgroundid0000033|mbgmodelid0000050|mconcatfitid0000011|mconcatfitid0000049|mdifffitid0000006|mdifffitid0000007|mdifffitid0000008|mdifffitid0000009|mdifffitid0000010|mdifffitid0000024|mdifffitid0000025|mdifffitid0000027|mdifffitid0000028|mdifffitid0000029|mdifffitid0000044|mdifffitid0000047|mimgtblid0000017|mprojectid0000001|mprojectid0000003|mprojectid0000020|mprojectid0000039|mprojectid0000040|mprojectid0000042|mviewerid0000019|mviewerid0000038,0.200000,281.326000,0.000000,0.000000,337.591200,0.000000,0.000000,true,35.349000,15,167.308000,"{""bora001"":15,""bora002"":18,""bora003"":14,""bora004"":11}","{""bora001"":0.03475,""bora002"":0.061661,""bora003"":0.048748,""bora004"":0.033485}","[{""rank"":1,""recommended"":true,""feasible"":true,""budget_used"":0,""budget_violation"":0,""makespan"":281.326,""deadline_violation"":0,""machine_signature"":""6b0b6bd82b6139f7"",""weighted_score"":0,""diversity_score"":3.689655},{""rank"":2,""recommended"":false,""feasible"":true,""budget_used"":0,""budget_violation"":0,""makespan"":281.326,""deadline_violation"":0,""machine_signature"":""56e7908906a9c9dc"",""weighted_score"":0,""diversity_score"":3.689655}]"
prism_cc_time,cluster_homo,29,maddid0000037|maddid0000056|mbackgroundid0000013|mbackgroundid0000016|mbackgroundid0000033|mbgmodelid0000050|mconcatfitid0000011|mconcatfitid0000049|mdifffitid0000006|mdifffitid0000007|mdifffitid0000008|mdifffitid0000009|mdifffitid0000010|mdifffitid0000024|mdifffitid0000025|mdifffitid0000027|mdifffitid0000028|mdifffitid0000029|mdifffitid0000044|mdifffitid0000047|mimgtblid0000017|mprojectid0000001|mprojectid0000003|mprojectid0000020|mprojectid0000039|mprojectid0000040|mprojectid0000042|mviewerid0000019|mviewerid0000038,0.200000,281.326000,0.000000,0.000000,337.591200,0.000000,0.000000,true,35.349000,15,167.308000,"{""bora001"":15,""bora002"":18,""bora003"":14,""bora004"":11}","{""bora001"":0.03475,""bora002"":0.061661,""bora003"":0.048748,""bora004"":0.033485}","[{""rank"":1,""recommended"":true,""feasible"":true,""budget_used"":0,""budget_violation"":0,""makespan"":281.326,""deadline_violation"":0,""machine_signature"":""6b0b6bd82b6139f7"",""weighted_score"":1,""diversity_score"":3.689655},{""rank"":2,""recommended"":false,""feasible"":true,""budget_used"":0,""budget_violation"":0,""makespan"":281.326,""deadline_violation"":0,""machine_signature"":""56e7908906a9c9dc"",""weighted_score"":1,""diversity_score"":3.689655}]"
heft_colocation,hybrid_hetero,29,maddid0000037|maddid0000056|mbackgroundid0000013|mbackgroundid0000016|mbackgroundid0000033|mbgmodelid0000050|mconcatfitid0000011|mconcatfitid0000049|mdifffitid0000006|mdifffitid0000007|mdifffitid0000008|mdifffitid0000009|mdifffitid0000010|mdifffitid0000024|mdifffitid0000025|mdifffitid0000027|mdifffitid0000028|mdifffitid0000029|mdifffitid0000044|mdifffitid0000047|mimgtblid0000017|mprojectid0000001|mprojectid0000003|mprojectid0000020|mprojectid0000039|mprojectid0000040|mprojectid0000042|mviewerid0000019|mviewerid0000038,0.200000,110.970000,0.539209,0.507908,117.111320,0.031300,0.000000,false,61.846000,54,1.621000,"{""bora011"":2,""diablo03"":1,""h3-standard-88-2"":12,""h4d-standard-192-7"":43}","{""bora011"":0.000459,""diablo03"":0.000173,""h3-standard-88-2"":0.003543,""h4d-standard-192-7"":0.017083}",[]
prism_cc_cost,hybrid_hetero,29,maddid0000037|maddid0000056|mbackgroundid0000013|mbackgroundid0000016|mbackgroundid0000033|mbgmodelid0000050|mconcatfitid0000011|mconcatfitid0000049|mdifffitid0000006|mdifffitid0000007|mdifffitid0000008|mdifffitid0000009|mdifffitid0000010|mdifffitid0000024|mdifffitid0000025|mdifffitid0000027|mdifffitid0000028|mdifffitid0000029|mdifffitid0000044|mdifffitid0000047|mimgtblid0000017|mprojectid0000001|mprojectid0000003|mprojectid0000020|mprojectid0000039|mprojectid0000040|mprojectid0000042|mviewerid0000019|mviewerid0000038,0.200000,112.631000,0.348366,0.507908,117.111320,0.000000,0.000000,true,61.630000,51,263.782000,"{""bora011"":9,""diablo03"":4,""h3-standard-88-2"":3,""h4d-standard-192-7"":42}","{""bora011"":0.002296,""diablo03"":0.000879,""h3-standard-88-2"":0.002956,""h4d-standard-192-7"":0.01685}","[{""rank"":1,""recommended"":true,""feasible"":true,""budget_used"":0.348366,""budget_violation"":0,""makespan"":112.631,""deadline_violation"":0,""machine_signature"":""69904cf0d1b6ac8a"",""weighted_score"":0.348366,""diversity_score"":3.275862},{""rank"":2,""recommended"":false,""feasible"":true,""budget_used"":0.366582,""budget_violation"":0,""makespan"":110.97,""deadline_violation"":0,""machine_signature"":""752c8b7aaad261d5"",""weighted_score"":0.366582,""diversity_score"":3.241379},{""rank"":3,""recommended"":false,""feasible"":false,""budget_used"":0.539209,""budget_violation"":0.0313,""makespan"":110.97,""deadline_violation"":0,""machine_signature"":""54fced1fb051e663"",""weighted_score"":0.539209,""diversity_score"":3.258621}]"
prism_cc_time,hybrid_hetero,29,maddid0000037|maddid0000056|mbackgroundid0000013|mbackgroundid0000016|mbackgroundid0000033|mbgmodelid0000050|mconcatfitid0000011|mconcatfitid0000049|mdifffitid0000006|mdifffitid0000007|mdifffitid0000008|mdifffitid0000009|mdifffitid0000010|mdifffitid0000024|mdifffitid0000025|mdifffitid0000027|mdifffitid0000028|mdifffitid0000029|mdifffitid0000044|mdifffitid0000047|mimgtblid0000017|mprojectid0000001|mprojectid0000003|mprojectid0000020|mprojectid0000039|mprojectid0000040|mprojectid0000042|mviewerid0000019|mviewerid0000038,0.200000,110.970000,0.366582,0.507908,117.111320,0.000000,0.000000,true,61.630000,51,263.782000,"{""bora011"":7,""diablo03"":4,""h3-standard-88-2"":3,""h4d-standard-192-7"":44}","{""bora011"":0.002013,""diablo03"":0.000893,""h3-standard-88-2"":0.003,""h4d-standard-192-7"":0.017112}","[{""rank"":1,""recommended"":true,""feasible"":true,""budget_used"":0.366582,""budget_violation"":0,""makespan"":110.97,""deadline_violation"":0,""machine_signature"":""752c8b7aaad261d5"",""weighted_score"":0.985253,""diversity_score"":3.241379},{""rank"":2,""recommended"":false,""feasible"":true,""budget_used"":0.348366,""budget_violation"":0,""makespan"":112.631,""deadline_violation"":0,""machine_signature"":""69904cf0d1b6ac8a"",""weighted_score"":1,""diversity_score"":3.275862},{""rank"":3,""recommended"":false,""feasible"":false,""budget_used"":0.539209,""budget_violation"":0.0313,""makespan"":110.97,""deadline_violation"":0,""machine_signature"":""54fced1fb051e663"",""weighted_score"":0.985253,""diversity_score"":3.258621}]"
heft_colocation,hybrid_homo,29,maddid0000037|maddid0000056|mbackgroundid0000013|mbackgroundid0000016|mbackgroundid0000033|mbgmodelid0000050|mconcatfitid0000011|mconcatfitid0000049|mdifffitid0000006|mdifffitid0000007|mdifffitid0000008|mdifffitid0000009|mdifffitid0000010|mdifffitid0000024|mdifffitid0000025|mdifffitid0000027|mdifffitid0000028|mdifffitid0000029|mdifffitid0000044|mdifffitid0000047|mimgtblid0000017|mprojectid0000001|mprojectid0000003|mprojectid0000020|mprojectid0000039|mprojectid0000040|mprojectid0000042|mviewerid0000019|mviewerid0000038,0.200000,95.004000,0.629044,0.747528,110.602640,0.000000,0.000000,true,28.595000,28,1.678000,"{""bora009"":2,""bora010"":1,""h4d-standard-192-5"":32,""h4d-standard-192-6"":23}","{""bora009"":0.000536,""bora010"":0.000289,""h4d-standard-192-5"":0.010135,""h4d-standard-192-6"":0.008962}",[]
prism_cc_cost,hybrid_homo,29,maddid0000037|maddid0000056|mbackgroundid0000013|mbackgroundid0000016|mbackgroundid0000033|mbgmodelid0000050|mconcatfitid0000011|mconcatfitid0000049|mdifffitid0000006|mdifffitid0000007|mdifffitid0000008|mdifffitid0000009|mdifffitid0000010|mdifffitid0000024|mdifffitid0000025|mdifffitid0000027|mdifffitid0000028|mdifffitid0000029|mdifffitid0000044|mdifffitid0000047|mimgtblid0000017|mprojectid0000001|mprojectid0000003|mprojectid0000020|mprojectid0000039|mprojectid0000040|mprojectid0000042|mviewerid0000019|mviewerid0000038,0.200000,97.689000,0.454172,0.747528,110.602640,0.000000,0.000000,true,28.300000,25,344.162000,"{""bora009"":8,""bora010"":4,""h4d-standard-192-5"":24,""h4d-standard-192-6"":22}","{""bora009"":0.001243,""bora010"":0.002005,""h4d-standard-192-5"":0.009742,""h4d-standard-192-6"":0.008732}","[{""rank"":1,""recommended"":true,""feasible"":true,""budget_used"":0.454172,""budget_violation"":0,""makespan"":97.689,""deadline_violation"":0,""machine_signature"":""804536c218dc0bb7"",""weighted_score"":0.454172,""diversity_score"":3.586207},{""rank"":2,""recommended"":false,""feasible"":true,""budget_used"":0.455074,""budget_violation"":0,""makespan"":97.434,""deadline_violation"":0,""machine_signature"":""8424e2f2259f1041"",""weighted_score"":0.455074,""diversity_score"":3.586207},{""rank"":3,""recommended"":false,""feasible"":true,""budget_used"":0.465282,""budget_violation"":0,""makespan"":96.226,""deadline_violation"":0,""machine_signature"":""95f32eefa8af2799"",""weighted_score"":0.465282,""diversity_score"":3.586207},{""rank"":4,""recommended"":false,""feasible"":true,""budget_used"":0.605077,""budget_violation"":0,""makespan"":95.004,""deadline_violation"":0,""machine_signature"":""da10603485b5f8b6"",""weighted_score"":0.605077,""diversity_score"":3.448276},{""rank"":5,""recommended"":false,""feasible"":true,""budget_used"":0.629044,""budget_violation"":0,""makespan"":95.004,""deadline_violation"":0,""machine_signature"":""2d76e52aa99b6270"",""weighted_score"":0.629044,""diversity_score"":3.448276}]"
prism_cc_time,hybrid_homo,29,maddid0000037|maddid0000056|mbackgroundid0000013|mbackgroundid0000016|mbackgroundid0000033|mbgmodelid0000050|mconcatfitid0000011|mconcatfitid0000049|mdifffitid0000006|mdifffitid0000007|mdifffitid0000008|mdifffitid0000009|mdifffitid0000010|mdifffitid0000024|mdifffitid0000025|mdifffitid0000027|mdifffitid0000028|mdifffitid0000029|mdifffitid0000044|mdifffitid0000047|mimgtblid0000017|mprojectid0000001|mprojectid0000003|mprojectid0000020|mprojectid0000039|mprojectid0000040|mprojectid0000042|mviewerid0000019|mviewerid0000038,0.200000,95.004000,0.605077,0.747528,110.602640,0.000000,0.000000,true,28.554000,27,344.162000,"{""bora009"":2,""bora010"":2,""h4d-standard-192-5"":32,""h4d-standard-192-6"":22}","{""bora009"":0.000536,""bora010"":0.000618,""h4d-standard-192-5"":0.010131,""h4d-standard-192-6"":0.008953}","[{""rank"":1,""recommended"":true,""feasible"":true,""budget_used"":0.605077,""budget_violation"":0,""makespan"":95.004,""deadline_violation"":0,""machine_signature"":""da10603485b5f8b6"",""weighted_score"":0.972515,""diversity_score"":3.448276},{""rank"":2,""recommended"":false,""feasible"":true,""budget_used"":0.629044,""budget_violation"":0,""makespan"":95.004,""deadline_violation"":0,""machine_signature"":""2d76e52aa99b6270"",""weighted_score"":0.972515,""diversity_score"":3.448276},{""rank"":3,""recommended"":false,""feasible"":true,""budget_used"":0.465282,""budget_violation"":0,""makespan"":96.226,""deadline_violation"":0,""machine_signature"":""95f32eefa8af2799"",""weighted_score"":0.985024,""diversity_score"":3.586207},{""rank"":4,""recommended"":false,""feasible"":true,""budget_used"":0.455074,""budget_violation"":0,""makespan"":97.434,""deadline_violation"":0,""machine_signature"":""8424e2f2259f1041"",""weighted_score"":0.99739,""diversity_score"":3.586207},{""rank"":5,""recommended"":false,""feasible"":true,""budget_used"":0.454172,""budget_violation"":0,""makespan"":97.689,""deadline_violation"":0,""machine_signature"":""804536c218dc0bb7"",""weighted_score"":1,""diversity_score"":3.586207}]"
heft_colocation,cloud_hetero,30,mbackgroundid0000014|mbackgroundid0000032|mbackgroundid0000033|mbackgroundid0000034|mbackgroundid0000052|mbgmodelid0000031|mconcatfitid0000011|mconcatfitid0000030|mdifffitid0000005|mdifffitid0000006|mdifffitid0000007|mdifffitid0000010|mdifffitid0000026|mdifffitid0000028|mdifffitid0000029|mdifffitid0000043|mdifffitid0000044|mdifffitid0000045|mdifffitid0000046|mdifffitid0000048|mprojectid0000001|mprojectid0000002|mprojectid0000020|mprojectid0000039|mprojectid0000040|mprojectid0000041|mprojectid0000042|mviewerid0000038|mviewerid0000058,0.200000,95.081000,0.679283,0.809118,110.678240,0.000000,0.000000,true,37.153000,35,1.910000,"{""h4d-highmem-192-1"":24,""h4d-standard-192-1"":34}","{""h3-standard-88-1"":0,""h3-standard-88-2"":0,""h4d-highmem-192-1"":0.00908,""h4d-standard-192-1"":0.010498}",[]
prism_cc_cost,cloud_hetero,30,mbackgroundid0000014|mbackgroundid0000032|mbackgroundid0000033|mbackgroundid0000034|mbackgroundid0000052|mbgmodelid0000031|mconcatfitid0000011|mconcatfitid0000030|mdifffitid0000005|mdifffitid0000006|mdifffitid0000007|mdifffitid0000010|mdifffitid0000026|mdifffitid0000028|mdifffitid0000029|mdifffitid0000043|mdifffitid0000044|mdifffitid0000045|mdifffitid0000046|mdifffitid0000048|mprojectid0000001|mprojectid0000002|mprojectid0000020|mprojectid0000039|mprojectid0000040|mprojectid0000041|mprojectid0000042|mviewerid0000038|mviewerid0000058,0.200000,96.683000,0.567105,0.809118,110.678240,0.000000,0.000000,true,37.239000,36,308.693000,"{""h4d-highmem-192-1"":24,""h4d-standard-192-1"":34}","{""h3-standard-88-1"":0,""h3-standard-88-2"":0,""h4d-highmem-192-1"":0.00892,""h4d-standard-192-1"":0.010339}","[{""rank"":1,""recommended"":true,""feasible"":true,""budget_used"":0.567105,""budget_violation"":0,""makespan"":96.683,""deadline_violation"":0,""machine_signature"":""8f5e8dbf0d6f0d87"",""weighted_score"":0.567105,""diversity_score"":1.413793},{""rank"":2,""recommended"":false,""feasible"":true,""budget_used"":0.662907,""budget_violation"":0,""makespan"":95.081,""deadline_violation"":0,""machine_signature"":""dca908bea0b0603e"",""weighted_score"":0.662907,""diversity_score"":1.37931},{""rank"":3,""recommended"":false,""feasible"":true,""budget_used"":0.679283,""budget_violation"":0,""makespan"":95.081,""deadline_violation"":0,""machine_signature"":""946a0a53b563a0cb"",""weighted_score"":0.679283,""diversity_score"":1.413793}]"
prism_cc_time,cloud_hetero,30,mbackgroundid0000014|mbackgroundid0000032|mbackgroundid0000033|mbackgroundid0000034|mbackgroundid0000052|mbgmodelid0000031|mconcatfitid0000011|mconcatfitid0000030|mdifffitid0000005|mdifffitid0000006|mdifffitid0000007|mdifffitid0000010|mdifffitid0000026|mdifffitid0000028|mdifffitid0000029|mdifffitid0000043|mdifffitid0000044|mdifffitid0000045|mdifffitid0000046|mdifffitid0000048|mprojectid0000001|mprojectid0000002|mprojectid0000020|mprojectid0000039|mprojectid0000040|mprojectid0000041|mprojectid0000042|mviewerid0000038|mviewerid0000058,0.200000,95.081000,0.662907,0.809118,110.678240,0.000000,0.000000,true,37.153000,35,308.693000,"{""h4d-highmem-192-1"":22,""h4d-standard-192-1"":36}","{""h3-standard-88-1"":0,""h3-standard-88-2"":0,""h4d-highmem-192-1"":0.009056,""h4d-standard-192-1"":0.010522}","[{""rank"":1,""recommended"":true,""feasible"":true,""budget_used"":0.662907,""budget_violation"":0,""makespan"":95.081,""deadline_violation"":0,""machine_signature"":""dca908bea0b0603e"",""weighted_score"":0.98343,""diversity_score"":1.37931},{""rank"":2,""recommended"":false,""feasible"":true,""budget_used"":0.679283,""budget_violation"":0,""makespan"":95.081,""deadline_violation"":0,""machine_signature"":""946a0a53b563a0cb"",""weighted_score"":0.98343,""diversity_score"":1.413793},{""rank"":3,""recommended"":false,""feasible"":true,""budget_used"":0.567105,""budget_violation"":0,""makespan"":96.683,""deadline_violation"":0,""machine_signature"":""8f5e8dbf0d6f0d87"",""weighted_score"":1,""diversity_score"":1.413793}]"
heft_colocation,cloud_homo,30,mbackgroundid0000014|mbackgroundid0000032|mbackgroundid0000033|mbackgroundid0000034|mbackgroundid0000052|mbgmodelid0000031|mconcatfitid0000011|mconcatfitid0000030|mdifffitid0000005|mdifffitid0000006|mdifffitid0000007|mdifffitid0000010|mdifffitid0000026|mdifffitid0000028|mdifffitid0000029|mdifffitid0000043|mdifffitid0000044|mdifffitid0000045|mdifffitid0000046|mdifffitid0000048|mprojectid0000001|mprojectid0000002|mprojectid0000020|mprojectid0000039|mprojectid0000040|mprojectid0000041|mprojectid0000042|mviewerid0000038|mviewerid0000058,0.200000,88.371000,1.109004,1.344726,106.047360,0.000000,0.000000,true,9.054000,8,2.989000,"{""h4d-standard-192-1"":17,""h4d-standard-192-2"":18,""h4d-standard-192-3"":13,""h4d-standard-192-4"":10}","{""h4d-standard-192-1"":0.004532,""h4d-standard-192-2"":0.006727,""h4d-standard-192-3"":0.004328,""h4d-standard-192-4"":0.003822}",[]
prism_cc_cost,cloud_homo,30,mbackgroundid0000014|mbackgroundid0000032|mbackgroundid0000033|mbackgroundid0000034|mbackgroundid0000052|mbgmodelid0000031|mconcatfitid0000011|mconcatfitid0000030|mdifffitid0000005|mdifffitid0000006|mdifffitid0000007|mdifffitid0000010|mdifffitid0000026|mdifffitid0000028|mdifffitid0000029|mdifffitid0000043|mdifffitid0000044|mdifffitid0000045|mdifffitid0000046|mdifffitid0000048|mprojectid0000001|mprojectid0000002|mprojectid0000020|mprojectid0000039|mprojectid0000040|mprojectid0000041|mprojectid0000042|mviewerid0000038|mviewerid0000058,0.200000,88.485000,1.008490,1.344726,106.047360,0.000000,0.000000,true,9.054000,8,334.461000,"{""h4d-standard-192-1"":16,""h4d-standard-192-2"":17,""h4d-standard-192-3"":11,""h4d-standard-192-4"":14}","{""h4d-standard-192-1"":0.004522,""h4d-standard-192-2"":0.006724,""h4d-standard-192-3"":0.004285,""h4d-standard-192-4"":0.003853}","[{""rank"":1,""recommended"":true,""feasible"":true,""budget_used"":1.00849,""budget_violation"":0,""makespan"":88.485,""deadline_violation"":0,""machine_signature"":""3f1fa7d32f779c24"",""weighted_score"":0.909366,""diversity_score"":3.706897},{""rank"":2,""recommended"":false,""feasible"":true,""budget_used"":1.105656,""budget_violation"":0,""makespan"":88.371,""deadline_violation"":0,""machine_signature"":""ed18b7e9fd6c7730"",""weighted_score"":0.996981,""diversity_score"":3.689655},{""rank"":3,""recommended"":false,""feasible"":true,""budget_used"":1.109004,""budget_violation"":0,""makespan"":88.371,""deadline_violation"":0,""machine_signature"":""cadf3408d72816f9"",""weighted_score"":1,""diversity_score"":3.689655}]"
prism_cc_time,cloud_homo,30,mbackgroundid0000014|mbackgroundid0000032|mbackgroundid0000033|mbackgroundid0000034|mbackgroundid0000052|mbgmodelid0000031|mconcatfitid0000011|mconcatfitid0000030|mdifffitid0000005|mdifffitid0000006|mdifffitid0000007|mdifffitid0000010|mdifffitid0000026|mdifffitid0000028|mdifffitid0000029|mdifffitid0000043|mdifffitid0000044|mdifffitid0000045|mdifffitid0000046|mdifffitid0000048|mprojectid0000001|mprojectid0000002|mprojectid0000020|mprojectid0000039|mprojectid0000040|mprojectid0000041|mprojectid0000042|mviewerid0000038|mviewerid0000058,0.200000,88.371000,1.105656,1.344726,106.047360,0.000000,0.000000,true,9.054000,8,334.461000,"{""h4d-standard-192-1"":16,""h4d-standard-192-2"":18,""h4d-standard-192-3"":13,""h4d-standard-192-4"":11}","{""h4d-standard-192-1"":0.004531,""h4d-standard-192-2"":0.006727,""h4d-standard-192-3"":0.004328,""h4d-standard-192-4"":0.003823}","[{""rank"":1,""recommended"":true,""feasible"":true,""budget_used"":1.105656,""budget_violation"":0,""makespan"":88.371,""deadline_violation"":0,""machine_signature"":""ed18b7e9fd6c7730"",""weighted_score"":0.998712,""diversity_score"":3.689655},{""rank"":2,""recommended"":false,""feasible"":true,""budget_used"":1.109004,""budget_violation"":0,""makespan"":88.371,""deadline_violation"":0,""machine_signature"":""cadf3408d72816f9"",""weighted_score"":0.998712,""diversity_score"":3.689655},{""rank"":3,""recommended"":false,""feasible"":true,""budget_used"":1.00849,""budget_violation"":0,""makespan"":88.485,""deadline_violation"":0,""machine_signature"":""3f1fa7d32f779c24"",""weighted_score"":1,""diversity_score"":3.706897}]"
heft_colocation,cluster_hetero,30,mbackgroundid0000014|mbackgroundid0000032|mbackgroundid0000033|mbackgroundid0000034|mbackgroundid0000052|mbgmodelid0000031|mconcatfitid0000011|mconcatfitid0000030|mdifffitid0000005|mdifffitid0000006|mdifffitid0000007|mdifffitid0000010|mdifffitid0000026|mdifffitid0000028|mdifffitid0000029|mdifffitid0000043|mdifffitid0000044|mdifffitid0000045|mdifffitid0000046|mdifffitid0000048|mprojectid0000001|mprojectid0000002|mprojectid0000020|mprojectid0000039|mprojectid0000040|mprojectid0000041|mprojectid0000042|mviewerid0000038|mviewerid0000058,0.200000,304.107000,0.000000,0.000000,346.902440,0.000000,0.000000,true,116.934000,20,1.003000,"{""bora005"":20,""bora006"":21,""diablo01"":10,""diablo02"":7}","{""bora005"":0.070206,""bora006"":0.083659,""diablo01"":0.005997,""diablo02"":0.007237}",[]
prism_cc_cost,cluster_hetero,30,mbackgroundid0000014|mbackgroundid0000032|mbackgroundid0000033|mbackgroundid0000034|mbackgroundid0000052|mbgmodelid0000031|mconcatfitid0000011|mconcatfitid0000030|mdifffitid0000005|mdifffitid0000006|mdifffitid0000007|mdifffitid0000010|mdifffitid0000026|mdifffitid0000028|mdifffitid0000029|mdifffitid0000043|mdifffitid0000044|mdifffitid0000045|mdifffitid0000046|mdifffitid0000048|mprojectid0000001|mprojectid0000002|mprojectid0000020|mprojectid0000039|mprojectid0000040|mprojectid0000041|mprojectid0000042|mviewerid0000038|mviewerid0000058,0.200000,304.107000,0.000000,0.000000,346.902440,0.000000,0.000000,true,116.934000,20,209.046000,"{""bora005"":20,""bora006"":21,""diablo01"":10,""diablo02"":7}","{""bora005"":0.070206,""bora006"":0.083659,""diablo01"":0.005997,""diablo02"":0.007237}","[{""rank"":1,""recommended"":true,""feasible"":true,""budget_used"":0,""budget_violation"":0,""makespan"":304.107,""deadline_violation"":0,""machine_signature"":""3a8a811ae1837384"",""weighted_score"":0,""diversity_score"":3.637931}]"
prism_cc_time,cluster_hetero,30,mbackgroundid0000014|mbackgroundid0000032|mbackgroundid0000033|mbackgroundid0000034|mbackgroundid0000052|mbgmodelid0000031|mconcatfitid0000011|mconcatfitid0000030|mdifffitid0000005|mdifffitid0000006|mdifffitid0000007|mdifffitid0000010|mdifffitid0000026|mdifffitid0000028|mdifffitid0000029|mdifffitid0000043|mdifffitid0000044|mdifffitid0000045|mdifffitid0000046|mdifffitid0000048|mprojectid0000001|mprojectid0000002|mprojectid0000020|mprojectid0000039|mprojectid0000040|mprojectid0000041|mprojectid0000042|mviewerid0000038|mviewerid0000058,0.200000,304.107000,0.000000,0.000000,346.902440,0.000000,0.000000,true,116.934000,20,209.046000,"{""bora005"":20,""bora006"":21,""diablo01"":10,""diablo02"":7}","{""bora005"":0.070206,""bora006"":0.083659,""diablo01"":0.005997,""diablo02"":0.007237}","[{""rank"":1,""recommended"":true,""feasible"":true,""budget_used"":0,""budget_violation"":0,""makespan"":304.107,""deadline_violation"":0,""machine_signature"":""3a8a811ae1837384"",""weighted_score"":1,""diversity_score"":3.637931}]"
heft_colocation,cluster_homo,30,mbackgroundid0000014|mbackgroundid0000032|mbackgroundid0000033|mbackgroundid0000034|mbackgroundid0000052|mbgmodelid0000031|mconcatfitid0000011|mconcatfitid0000030|mdifffitid0000005|mdifffitid0000006|mdifffitid0000007|mdifffitid0000010|mdifffitid0000026|mdifffitid0000028|mdifffitid0000029|mdifffitid0000043|mdifffitid0000044|mdifffitid0000045|mdifffitid0000046|mdifffitid0000048|mprojectid0000001|mprojectid0000002|mprojectid0000020|mprojectid0000039|mprojectid0000040|mprojectid0000041|mprojectid0000042|mviewerid0000038|mviewerid0000058,0.200000,281.326000,0.000000,0.000000,337.591200,0.000000,0.000000,true,53.262000,16,0.816000,"{""bora001"":16,""bora002"":17,""bora003"":15,""bora004"":10}","{""bora001"":0.042286,""bora002"":0.062494,""bora003"":0.040543,""bora004"":0.035089}",[]
prism_cc_cost,cluster_homo,30,mbackgroundid0000014|mbackgroundid0000032|mbackgroundid0000033|mbackgroundid0000034|mbackgroundid0000052|mbgmodelid0000031|mconcatfitid0000011|mconcatfitid0000030|mdifffitid0000005|mdifffitid0000006|mdifffitid0000007|mdifffitid0000010|mdifffitid0000026|mdifffitid0000028|mdifffitid0000029|mdifffitid0000043|mdifffitid0000044|mdifffitid0000045|mdifffitid0000046|mdifffitid0000048|mprojectid0000001|mprojectid0000002|mprojectid0000020|mprojectid0000039|mprojectid0000040|mprojectid0000041|mprojectid0000042|mviewerid0000038|mviewerid0000058,0.200000,281.326000,0.000000,0.000000,337.591200,0.000000,0.000000,true,53.262000,16,180.864000,"{""bora001"":16,""bora002"":17,""bora003"":15,""bora004"":10}","{""bora001"":0.042286,""bora002"":0.062494,""bora003"":0.040543,""bora004"":0.035089}","[{""rank"":1,""recommended"":true,""feasible"":true,""budget_used"":0,""budget_violation"":0,""makespan"":281.326,""deadline_violation"":0,""machine_signature"":""f818e5ed6262913c"",""weighted_score"":0,""diversity_score"":3.706897},{""rank"":2,""recommended"":false,""feasible"":true,""budget_used"":0,""budget_violation"":0,""makespan"":281.725,""deadline_violation"":0,""machine_signature"":""607f21cf78cff56b"",""weighted_score"":0,""diversity_score"":3.706897}]"
prism_cc_time,cluster_homo,30,mbackgroundid0000014|mbackgroundid0000032|mbackgroundid0000033|mbackgroundid0000034|mbackgroundid0000052|mbgmodelid0000031|mconcatfitid0000011|mconcatfitid0000030|mdifffitid0000005|mdifffitid0000006|mdifffitid0000007|mdifffitid0000010|mdifffitid0000026|mdifffitid0000028|mdifffitid0000029|mdifffitid0000043|mdifffitid0000044|mdifffitid0000045|mdifffitid0000046|mdifffitid0000048|mprojectid0000001|mprojectid0000002|mprojectid0000020|mprojectid0000039|mprojectid0000040|mprojectid0000041|mprojectid0000042|mviewerid0000038|mviewerid0000058,0.200000,281.326000,0.000000,0.000000,337.591200,0.000000,0.000000,true,53.262000,16,180.864000,"{""bora001"":16,""bora002"":17,""bora003"":15,""bora004"":10}","{""bora001"":0.042286,""bora002"":0.062494,""bora003"":0.040543,""bora004"":0.035089}","[{""rank"":1,""recommended"":true,""feasible"":true,""budget_used"":0,""budget_violation"":0,""makespan"":281.326,""deadline_violation"":0,""machine_signature"":""f818e5ed6262913c"",""weighted_score"":0.998584,""diversity_score"":3.706897},{""rank"":2,""recommended"":false,""feasible"":true,""budget_used"":0,""budget_violation"":0,""makespan"":281.725,""deadline_violation"":0,""machine_signature"":""607f21cf78cff56b"",""weighted_score"":1,""diversity_score"":3.706897}]"
heft_colocation,hybrid_hetero,30,mbackgroundid0000014|mbackgroundid0000032|mbackgroundid0000033|mbackgroundid0000034|mbackgroundid0000052|mbgmodelid0000031|mconcatfitid0000011|mconcatfitid0000030|mdifffitid0000005|mdifffitid0000006|mdifffitid0000007|mdifffitid0000010|mdifffitid0000026|mdifffitid0000028|mdifffitid0000029|mdifffitid0000043|mdifffitid0000044|mdifffitid0000045|mdifffitid0000046|mdifffitid0000048|mprojectid0000001|mprojectid0000002|mprojectid0000020|mprojectid0000039|mprojectid0000040|mprojectid0000041|mprojectid0000042|mviewerid0000038|mviewerid0000058,0.200000,110.970000,0.548672,0.507908,117.111320,0.040800,0.000000,false,76.284000,51,4.148000,"{""bora011"":2,""diablo03"":1,""h3-standard-88-2"":12,""h4d-standard-192-7"":43}","{""bora011"":0.000459,""diablo03"":0.000173,""h3-standard-88-2"":0.00355,""h4d-standard-192-7"":0.017751}",[]
prism_cc_cost,hybrid_hetero,30,mbackgroundid0000014|mbackgroundid0000032|mbackgroundid0000033|mbackgroundid0000034|mbackgroundid0000052|mbgmodelid0000031|mconcatfitid0000011|mconcatfitid0000030|mdifffitid0000005|mdifffitid0000006|mdifffitid0000007|mdifffitid0000010|mdifffitid0000026|mdifffitid0000028|mdifffitid0000029|mdifffitid0000043|mdifffitid0000044|mdifffitid0000045|mdifffitid0000046|mdifffitid0000048|mprojectid0000001|mprojectid0000002|mprojectid0000020|mprojectid0000039|mprojectid0000040|mprojectid0000041|mprojectid0000042|mviewerid0000038|mviewerid0000058,0.200000,114.438000,0.369056,0.507908,117.111320,0.000000,0.000000,true,76.001000,48,229.835000,"{""bora011"":12,""diablo03"":6,""h3-standard-88-2"":5,""h4d-standard-192-7"":35}","{""bora011"":0.0038,""diablo03"":0.001827,""h3-standard-88-2"":0.003076,""h4d-standard-192-7"":0.017094}","[{""rank"":1,""recommended"":true,""feasible"":true,""budget_used"":0.369056,""budget_violation"":0,""makespan"":114.438,""deadline_violation"":0,""machine_signature"":""4035b2a8fcda4c61"",""weighted_score"":0.369056,""diversity_score"":3.396552},{""rank"":2,""recommended"":false,""feasible"":true,""budget_used"":0.387266,""budget_violation"":0,""makespan"":112.777,""deadline_violation"":0,""machine_signature"":""ff19f0cf099b8083"",""weighted_score"":0.387266,""diversity_score"":3.362069},{""rank"":3,""recommended"":false,""feasible"":true,""budget_used"":0.48913,""budget_violation"":0,""makespan"":110.97,""deadline_violation"":0,""machine_signature"":""5443c7aa8df14035"",""weighted_score"":0.48913,""diversity_score"":3.293103},{""rank"":4,""recommended"":false,""feasible"":false,""budget_used"":0.548672,""budget_violation"":0.0408,""makespan"":110.97,""deadline_violation"":0,""machine_signature"":""da9cea1fa0d8e3ef"",""weighted_score"":0.548672,""diversity_score"":3.258621}]"
prism_cc_time,hybrid_hetero,30,mbackgroundid0000014|mbackgroundid0000032|mbackgroundid0000033|mbackgroundid0000034|mbackgroundid0000052|mbgmodelid0000031|mconcatfitid0000011|mconcatfitid0000030|mdifffitid0000005|mdifffitid0000006|mdifffitid0000007|mdifffitid0000010|mdifffitid0000026|mdifffitid0000028|mdifffitid0000029|mdifffitid0000043|mdifffitid0000044|mdifffitid0000045|mdifffitid0000046|mdifffitid0000048|mprojectid0000001|mprojectid0000002|mprojectid0000020|mprojectid0000039|mprojectid0000040|mprojectid0000041|mprojectid0000042|mviewerid0000038|mviewerid0000058,0.200000,110.970000,0.489130,0.507908,117.111320,0.000000,0.000000,true,76.285000,51,229.835000,"{""bora011"":4,""diablo03"":2,""h3-standard-88-2"":11,""h4d-standard-192-7"":41}","{""bora011"":0.000812,""diablo03"":0.000397,""h3-standard-88-2"":0.003545,""h4d-standard-192-7"":0.017729}","[{""rank"":1,""recommended"":true,""feasible"":true,""budget_used"":0.48913,""budget_violation"":0,""makespan"":110.97,""deadline_violation"":0,""machine_signature"":""5443c7aa8df14035"",""weighted_score"":0.969695,""diversity_score"":3.293103},{""rank"":2,""recommended"":false,""feasible"":true,""budget_used"":0.387266,""budget_violation"":0,""makespan"":112.777,""deadline_violation"":0,""machine_signature"":""ff19f0cf099b8083"",""weighted_score"":0.985486,""diversity_score"":3.362069},{""rank"":3,""recommended"":false,""feasible"":true,""budget_used"":0.369056,""budget_violation"":0,""makespan"":114.438,""deadline_violation"":0,""machine_signature"":""4035b2a8fcda4c61"",""weighted_score"":1,""diversity_score"":3.396552},{""rank"":4,""recommended"":false,""feasible"":false,""budget_used"":0.548672,""budget_violation"":0.0408,""makespan"":110.97,""deadline_violation"":0,""machine_signature"":""da9cea1fa0d8e3ef"",""weighted_score"":0.969695,""diversity_score"":3.258621}]"
heft_colocation,hybrid_homo,30,mbackgroundid0000014|mbackgroundid0000032|mbackgroundid0000033|mbackgroundid0000034|mbackgroundid0000052|mbgmodelid0000031|mconcatfitid0000011|mconcatfitid0000030|mdifffitid0000005|mdifffitid0000006|mdifffitid0000007|mdifffitid0000010|mdifffitid0000026|mdifffitid0000028|mdifffitid0000029|mdifffitid0000043|mdifffitid0000044|mdifffitid0000045|mdifffitid0000046|mdifffitid0000048|mprojectid0000001|mprojectid0000002|mprojectid0000020|mprojectid0000039|mprojectid0000040|mprojectid0000041|mprojectid0000042|mviewerid0000038|mviewerid0000058,0.200000,95.004000,0.629048,0.747528,110.602640,0.000000,0.000000,true,37.372000,36,2.414000,"{""bora009"":2,""bora010"":1,""h4d-standard-192-5"":32,""h4d-standard-192-6"":23}","{""bora009"":0.000536,""bora010"":0.000289,""h4d-standard-192-5"":0.010508,""h4d-standard-192-6"":0.009071}",[]
prism_cc_cost,hybrid_homo,30,mbackgroundid0000014|mbackgroundid0000032|mbackgroundid0000033|mbackgroundid0000034|mbackgroundid0000052|mbgmodelid0000031|mconcatfitid0000011|mconcatfitid0000030|mdifffitid0000005|mdifffitid0000006|mdifffitid0000007|mdifffitid0000010|mdifffitid0000026|mdifffitid0000028|mdifffitid0000029|mdifffitid0000043|mdifffitid0000044|mdifffitid0000045|mdifffitid0000046|mdifffitid0000048|mprojectid0000001|mprojectid0000002|mprojectid0000020|mprojectid0000039|mprojectid0000040|mprojectid0000041|mprojectid0000042|mviewerid0000038|mviewerid0000058,0.200000,97.689000,0.447803,0.747528,110.602640,0.000000,0.000000,true,36.506000,26,288.940000,"{""bora009"":10,""bora010"":5,""h4d-standard-192-5"":23,""h4d-standard-192-6"":20}","{""bora009"":0.001644,""bora010"":0.002687,""h4d-standard-192-5"":0.010059,""h4d-standard-192-6"":0.008816}","[{""rank"":1,""recommended"":true,""feasible"":true,""budget_used"":0.447803,""budget_violation"":0,""makespan"":97.689,""deadline_violation"":0,""machine_signature"":""95d665227bba3d07"",""weighted_score"":0.447803,""diversity_score"":3.603448},{""rank"":2,""recommended"":false,""feasible"":true,""budget_used"":0.466023,""budget_violation"":0,""makespan"":96.226,""deadline_violation"":0,""machine_signature"":""851a140c4d882318"",""weighted_score"":0.466023,""diversity_score"":3.603448},{""rank"":3,""recommended"":false,""feasible"":true,""budget_used"":0.605073,""budget_violation"":0,""makespan"":95.004,""deadline_violation"":0,""machine_signature"":""0c3cda0e4c8a9c89"",""weighted_score"":0.605073,""diversity_score"":3.448276},{""rank"":4,""recommended"":false,""feasible"":true,""budget_used"":0.629048,""budget_violation"":0,""makespan"":95.004,""deadline_violation"":0,""machine_signature"":""3623f5903425c9f0"",""weighted_score"":0.629048,""diversity_score"":3.448276}]"
prism_cc_time,hybrid_homo,30,mbackgroundid0000014|mbackgroundid0000032|mbackgroundid0000033|mbackgroundid0000034|mbackgroundid0000052|mbgmodelid0000031|mconcatfitid0000011|mconcatfitid0000030|mdifffitid0000005|mdifffitid0000006|mdifffitid0000007|mdifffitid0000010|mdifffitid0000026|mdifffitid0000028|mdifffitid0000029|mdifffitid0000043|mdifffitid0000044|mdifffitid0000045|mdifffitid0000046|mdifffitid0000048|mprojectid0000001|mprojectid0000002|mprojectid0000020|mprojectid0000039|mprojectid0000040|mprojectid0000041|mprojectid0000042|mviewerid0000038|mviewerid0000058,0.200000,95.004000,0.605073,0.747528,110.602640,0.000000,0.000000,true,37.372000,36,288.940000,"{""bora009"":2,""bora010"":2,""h4d-standard-192-5"":32,""h4d-standard-192-6"":22}","{""bora009"":0.000536,""bora010"":0.000618,""h4d-standard-192-5"":0.010504,""h4d-standard-192-6"":0.009064}","[{""rank"":1,""recommended"":true,""feasible"":true,""budget_used"":0.605073,""budget_violation"":0,""makespan"":95.004,""deadline_violation"":0,""machine_signature"":""0c3cda0e4c8a9c89"",""weighted_score"":0.972515,""diversity_score"":3.448276},{""rank"":2,""recommended"":false,""feasible"":true,""budget_used"":0.629048,""budget_violation"":0,""makespan"":95.004,""deadline_violation"":0,""machine_signature"":""3623f5903425c9f0"",""weighted_score"":0.972515,""diversity_score"":3.448276},{""rank"":3,""recommended"":false,""feasible"":true,""budget_used"":0.466023,""budget_violation"":0,""makespan"":96.226,""deadline_violation"":0,""machine_signature"":""851a140c4d882318"",""weighted_score"":0.985024,""diversity_score"":3.603448},{""rank"":4,""recommended"":false,""feasible"":true,""budget_used"":0.447803,""budget_violation"":0,""makespan"":97.689,""deadline_violation"":0,""machine_signature"":""95d665227bba3d07"",""weighted_score"":1,""diversity_score"":3.603448}]"
